1 2.2197670104741723e-07 0.44685290384432286 668.4705706643508
2 3.844749243106542e-07 0.3233444559389171 568.6338505039223
3 5.437296523524964e-07 0.24773187836698526 497.7267105219342
4 7.019519628001224e-07 0.19823334446887675 445.23403336770735
5 8.597120664027094e-07 0.16416994097878082 405.1788999673858
6 1.0172250350663727e-06 0.13967841861036961 373.73576041151
7 1.1745902956439934e-06 0.12136192710565935 348.370387813975
8 1.331860206284503e-06 0.10717493717676273 327.3758347477143
9 1.489064978889521e-06 0.09584504451002653 309.5885083623527
10 1.646223274478342e-06 0.08655734115556875 294.2062901359669
11 1.8033472442436128e-06 0.07877544467634473 280.66963618522175
12 1.960445141547135e-06 0.07213682523420095 268.58299505776785
13 2.1175227693034127e-06 0.06638996259585486 257.6624974571481
14 2.2745843268230165e-06 0.061355754071426835 247.70093675928405
15 2.431632928085021e-06 0.056903336969374316 238.54420338665602
16 2.588670931167893e-06 0.052934663728207265 230.07534359032752
17 2.7457001545339668e-06 0.04937449083803535 222.20371472600397
18 2.9027220230586927e-06 0.04616377140151751 214.8575607269093
19 3.059737669065755e-06 0.043255219548729094 207.97889207496297
20 3.2167480037543864e-06 0.04061028026018804 201.5199252187933
21 3.3737537686712726e-06 0.03819702121023324 195.44058230120282
22 3.5307555734427854e-06 0.035988637985215864 189.70671570931765
23 3.6877539238646147e-06 0.0339623732947868 184.28883117212177
24 3.844749243106542e-06 0.0320987198951505 179.16115621180418
25 4.001741887924019e-06 0.030380821099999383 174.3009497966072
26 4.1587321611966e-06 0.028794011251670172 169.68798204843552
27 4.315720321728935e-06 0.027325457094990516 165.3041351418364
28 4.472706591987132e-06 0.025963873217346802 161.13309162722226
29 4.629691164260752e-06 0.024699292844499485 157.16008667756418
30 4.7866742056119624e-06 0.023522880744124015 153.37170776947102
31 4.943655861881533e-06 0.022426778704249643 149.75573012158713
32 5.100636260954928e-06 0.02140397661256578 146.3009795338561
33 5.257615515443173e-06 0.02044820394877357 142.99721657701443
34 5.414593724897297e-06 0.01955383776696411 139.83503769429217
35 5.57157097764836e-06 0.018715824154066484 136.80578991426674
36 5.728547352344894e-06 0.017929610813899974 133.90149668282268
37 5.8855229192442865e-06 0.017191088918191273 131.11479290374245
38 6.042497741302828e-06 0.016496542736139517 128.43886770031693
39 6.199471875100141e-06 0.015842605836982396 125.86741372167141
40 6.3564453716266165e-06 0.015226222879234032 123.39458204975627
41 6.513418276956971e-06 0.01464461617242229 121.01494193868082
42 6.670390632828687e-06 0.014095256334010955 118.72344475296762
43 6.8273624771406526e-06 0.013575836474197205 116.51539157638018
44 6.984333844384552e-06 0.013084249430578758 114.38640404601745
45 7.141304766019353e-06 0.012618567647822189 112.3323980329014
46 7.29827527079747e-06 0.012177025357831548 110.34955984430363
47 7.455245385049705e-06 0.011758002766084776 108.43432466744456
48 7.612215132934949e-06 0.011360011991751599 106.58335701108123
49 7.769184536659602e-06 0.010981684544463816 104.79353293244682
50 7.926153616670914e-06 0.010621760150384636 103.06192386320292
