0 1.0
100000 0.932211837862483
200000 0.8690189106509483
300000 0.8101097158351733
400000 0.7551938670689607
500000 0.7040006627628316
600000 0.6562777516905453
700000 0.6117898890517014
800000 0.5703177768585711
900000 0.5316569829309741
1000000 0.49561693317050604
1100000 0.4620199721466448
1200000 0.43070048736399696
1300000 0.4015040928938587
1400000 0.37428686834589314
1500000 0.34891464942851824
1600000 0.3252623666009029
1700000 0.3032134285565284
1800000 0.282659147499266
1900000 0.2634982033789334
2000000 0.24563614444533785
2100000 0.22898492165884274
2200000 0.21346245466238645
2300000 0.19899222717546022
2400000 0.18550290981558448
2500000 0.17292800848802445
2600000 0.1612055366105203
2700000 0.15027770955730094
2800000 0.14009065981617594
2900000 0.13059417145460528
