0 1.0
100000 0.591105035961443
200000 0.3494051635389789
300000 0.206535151758822
400000 0.12208396830770059
500000 0.07216444847683902
600000 0.042656768912039636
700000 0.02521463092175015
800000 0.014904495317755641
900000 0.00881012224078911
1000000 0.005207707623966352
1100000 0.0030783022023413128
1200000 0.0018195999340151513
1300000 0.0010755746844314656
1400000 0.000635777612520079
1500000 0.0003758113485121617
1600000 0.00022214398067699982
1700000 0.0001313104256866961
1800000 7.761825389764693e-05
1900000 4.5880540761432934e-05
2000000 2.7120218696717272e-05
2100000 1.6030897848005268e-05
2200000 9.475944448939377e-06
2300000 5.601278484258948e-06
2400000 3.3109439198679433e-06
2500000 1.9571156248198625e-06
2600000 1.156860901789847e-06
2700000 6.838263049548739e-07
2800000 4.042131725817316e-07
2900000 2.389324419150135e-07
