0 1.0
100000 0.7364059374084686
200000 0.5422937046504454
300000 0.39934830392382237
400000 0.2940824621035044
500000 0.21656407118072163
600000 0.1594790678468336
700000 0.11744133245477624
800000 0.0864844945168591
900000 0.0636876952559852
1000000 0.04689999692636866
1100000 0.03453743620101681
1200000 0.025433573081294954
1300000 0.018729434226577805
1400000 0.013792466568753279
1500000 0.010156854272737723
1600000 0.007479567791836633
1700000 0.005507998131157646
1800000 0.0040561225270192396
1900000 0.00298695271175321
2000000 0.00219960971169339
2100000 0.0016198056516723422
2200000 0.0011928344993393067
2300000 0.0008784104076591235
2400000 0.0006468666396815713
2500000 0.00047635643417297366
2600000 0.00035079170644770414
2700000 0.00025832509542173817
2800000 0.00019023213405017686
2900000 0.00014008807300043395
