0 1.0
100000 0.9622822305138664
200000 0.9259870911627418
300000 0.8910609235111301
400000 0.857452093000036
500000 0.8251109126108578
600000 0.7939895694085081
700000 0.7640420538551634
800000 0.7352240917901424
900000 0.7074930789753497
1000000 0.6808080181095226
1100000 0.6551294582181562
1200000 0.6304194363295081
1300000 0.6066414213504534
1400000 0.5837602600592166
1500000 0.5617421251351375
1600000 0.5405544651486397
1700000 0.520165956437463
1800000 0.5005464567980206
1900000 0.4816669609234118
2000000 0.46349955752221605
2100000 0.4460173880546681
2200000 0.4291946070252148
2300000 0.41300634377274603
2400000 0.3974286657020147
2500000 0.38243854290188445
2600000 0.36801381409809836
2700000 0.3541331538902335
2800000 0.3407760412244041
2900000 0.3279227290551049
