0 1.0
100000 0.7136409053303493
200000 0.5092833417607205
300000 0.36344542508378636
400000 0.25936952219496695
500000 0.18509670063431632
600000 0.13209257701433413
700000 0.09426666624792833
800000 0.06727254904364544
900000 0.048008442803387466
1000000 0.03426078858570972
1100000 0.024449900183637588
1200000 0.0174484489022878
1300000 0.012451926871239001
1400000 0.00888620436549831
1500000 0.006341558928344715
1600000 0.004525595854829681
1700000 0.003229650322999929
1800000 0.002304810580406126
1900000 0.0016448071092159953
2000000 0.0011738016345146972
2100000 0.0008376728611333123
2200000 0.0005977976189898413
2300000 0.00042661283402023746
2400000 0.00030444836909574824
2500000 0.00021726680974783807
2600000 0.00015505048280668388
2700000 0.00011065036692206962
2800000 7.896462802540123e-05
2900000 5.635238863312159e-05
