0 1.0
100000 0.8616496771963288
200000 0.7424401662125375
300000 0.6397233295546216
400000 0.5512174004057003
500000 0.4749562951245712
600000 0.409245938376451
700000 0.3526266306959776
800000 0.30384062251001814
900000 0.2618041743048887
1000000 0.22558348227845879
1100000 0.19437393468605774
1200000 0.16748223807762194
1300000 0.14431101637570162
1400000 0.12434554067599739
1500000 0.10714229498427613
1600000 0.09231912388727537
1700000 0.0795467432965187
1800000 0.06854142568346457
1900000 0.059058697314733406
2000000 0.05088790747687573
2100000 0.0438475490506466
2200000 0.03778122648533983
2300000 0.032554181605174454
2400000 0.028050300071489235
2500000 0.024169532001858857
2600000 0.020825669447388024
2700000 0.017944431356739336
2800000 0.015461813486006122
2900000 0.013322666599087025
