0 1.0
100000 0.5818984258635799
200000 0.33860577802251224
300000 0.19703416921961264
400000 0.11465387291023081
500000 0.06671690816562628
600000 0.03882246384006295
700000 0.02259073059667838
800000 0.01314551057331536
900000 0.007649351909785256
1000000 0.0044511458351806105
1100000 0.0025901147547808256
1200000 0.0015071836986129952
1300000 0.0008770278217101505
1400000 0.0005103411088917008
1500000 0.00029696668791755486
1600000 0.00017280444823314592
1700000 0.00010055463640909212
1800000 5.8512584639735344e-05
1900000 3.4048380895071495e-05
2000000 1.98126992460457e-05
2100000 1.1528978503382532e-05
2200000 6.708694442933337e-06
2300000 3.9037787359426565e-06
2400000 2.2716027013647484e-06
2500000 1.3218420361116032e-06
2600000 7.691778000536515e-07
2700000 4.4758335106043143e-07
2800000 2.6044804742481073e-07
2900000 1.5155430881574041e-07
