0 1.0
100000 0.6196085194831203
200000 0.38391471741606437
300000 0.23787682966594817
400000 0.14739051024865657
500000 0.09132441584103176
600000 0.05658538609192252
700000 0.03506078730079686
800000 0.021723962511359333
900000 0.013460352248970166
1000000 0.008340148928705694
1100000 0.005167627329984068
1200000 0.0032019059191719388
1300000 0.0019839281861023647
1400000 0.0012292588061517187
1500000 0.0007616592289412544
1600000 0.00047193054719494573
1700000 0.0002924121876463192
1800000 0.00018118108266635622
1900000 0.00011226134238924982
2000000 6.955808415299074e-05
2100000 4.309878154011689e-05
2200000 2.6704372221598264e-05
2300000 1.654625653595067e-05
2400000 1.0252201515228298e-05
2500000 6.352351402293209e-06
2600000 3.935971047611419e-06
2700000 2.4387611935389374e-06
2800000 1.5110772125015487e-06
2900000 9.36276314462765e-07
