0 1.0
100000 0.8891769409667799
200000 0.7906356323470405
300000 0.7030149729896771
400000 0.6251047031368046
500000 0.5558286877191309
600000 0.4942300522476764
700000 0.4394579659914407
800000 0.3907558898837525
900000 0.3474511268315869
1000000 0.3089455300915711
1100000 0.2747072413721835
1200000 0.24426334454474097
1300000 0.21719333349260736
1400000 0.1931233038733343
1500000 0.17172078856748926
1600000 0.1526901654788433
1700000 0.1357685742561893
1800000 0.12072228553653948
1900000 0.10734347255989833
2000000 0.09544734056356187
2100000 0.08486957430572241
2200000 0.07546406846231508
2300000 0.06710090954822896
2400000 0.05966458148818284
2500000 0.05305237005172557
2600000 0.04717294411363096
2700000 0.04194509414335523
2800000 0.037296610498952214
2900000 0.033163286031887805
