0 1.0
100000 0.5132259598304932
200000 0.2634008858439311
300000 0.13518417245745373
400000 0.06938002666336762
500000 0.035607630777372064
600000 0.01827476048300659
700000 0.009379081489563425
800000 0.004813588099809602
900000 0.002470458372753423
1000000 0.0012679033695776542
1100000 0.0006507209238238082
1200000 0.00033396687071125927
1300000 0.00017140046777237213
1400000 8.79671695878713e-05
1500000 4.514703504530698e-05
1600000 2.3170630394628615e-05
1700000 1.1891769024160861e-05
1800000 6.103164571507492e-06
1900000 3.1323024952153906e-06
2000000 1.6075789545863695e-06
2100000 8.250512519708896e-07
2200000 4.234377207021104e-07
2300000 2.1731923063577674e-07
2400000 1.1153387073267096e-07
2500000 5.724207786038526e-08
2600000 2.9378120352587978e-08
2700000 1.507761401597273e-08
2800000 7.738222925301309e-09
2900000 3.971456888220095e-09
