0 1.0
100000 0.6702032939650439
200000 0.449172455241595
300000 0.3010368590612832
400000 0.20175589454776266
500000 0.1352174651027746
600000 0.09062319051348289
700000 0.06073596079175795
800000 0.04070544098476793
900000 0.027280920630291163
1000000 0.018283762868820063
1100000 0.012253838100758967
1200000 0.008212562658843016
1300000 0.005504086545850908
1400000 0.0036888569332979584
1500000 0.0024722840676620816
1600000 0.0016569329257644244
1700000 0.0011104819047264547
1800000 0.0007442486304362459
1900000 0.0004987978836473446
2000000 0.0003342959846432433
2100000 0.00022404627006718936
2200000 0.00015015654819961212
2300000 0.0001006354132138009
2400000 6.744618542542266e-05
2500000 4.5202655637495404e-05
2600000 3.0294968704216975e-05
2700000 2.0303787816134132e-05
2800000 1.3607665474340418e-05
2900000 9.11990222407735e-06
