0 1.0
100000 0.546484259515756
200000 0.2986450458984841
300000 0.16320481676588203
400000 0.08918886343970768
500000 0.04874030999390053
600000 0.02663581221558513
700000 0.014556052115234768
800000 0.007954653361666824
900000 0.004347092852055014
1000000 0.00237561781830152
1100000 0.0012982377443269417
1200000 0.0007094664923839141
1300000 0.00038771227074166397
1400000 0.00021187865318143053
1500000 0.00011578834889104974
1600000 6.327651010427732e-05
1700000 3.457961676907724e-05
1800000 1.8897216264387792e-05
1900000 1.0327031237153063e-05
2000000 5.643560018631672e-06
2100000 3.0841167178146553e-06
2200000 1.6854212407951058e-06
2300000 9.210561787480399e-07
2400000 5.033427038155344e-07
2500000 2.750688647772908e-07
2600000 1.5032080488365735e-07
2700000 8.214795374665777e-08
2800000 4.489256367397692e-08
2900000 2.453307941713716e-08
