0 1.0
100000 0.8219756443127963
200000 0.6756439598434367
300000 0.5553628792183579
400000 0.4564947604729195
500000 0.37522757486514363
600000 0.30842792761370447
700000 0.2535202445243352
800000 0.20838746633922814
900000 0.1712894219108982
1000000 0.14079573293917694
1100000 0.11573066329917239
1200000 0.09512778653208451
1300000 0.07819272362676032
1400000 0.06427251438367872
1500000 0.052830441422127776
1600000 0.04342533612728294
1700000 0.03569456864272315
1800000 0.029340066058569692
1900000 0.024116819702672827
2000000 0.019823438413880037
2100000 0.01629438356274408
2200000 0.013393586427666408
2300000 0.011009201833540214
2400000 0.00904929577049384
2500000 0.00743830072152874
2600000 0.00611410202817092
2700000 0.005025642953999969
2800000 0.004130956105200188
2900000 0.003395545306199805
