0 1.0
100000 0.5639133154909792
200000 0.31799822738802863
300000 0.1793234347266375
400000 0.10112287262192836
500000 0.05702453437220357
600000 0.03215689424215862
700000 0.01813370084798844
800000 0.010225835367310747
900000 0.005766484725645117
1000000 0.003251797520366626
1100000 0.00183373192101529
1200000 0.001034065847301374
1300000 0.0005831235003877063
1400000 0.00032883110644433666
1500000 0.0001854322394715929
1600000 0.00010456770895934332
1700000 5.896712345255904e-05
1800000 3.325234609109843e-05
1900000 1.875144073208481e-05
2000000 1.0574187113462537e-05
2100000 5.962924913774644e-06
2200000 3.3625727581504253e-06
2300000 1.8961995526282522e-06
2400000 1.0692921765551088e-06
2500000 6.029880965097567e-07
2600000 3.4003301670441133e-07
2700000 1.9174914582618403e-07
2800000 1.0812989656540665e-07
2900000 6.097588847589508e-08
