0 1.0
100000 0.7249339002336272
200000 0.5255291597079387
300000 0.3809739034335768
400000 0.2761808977033321
500000 0.20021289534210096
600000 0.14514111509741628
700000 0.10521771465182776
800000 0.07627588825621838
900000 0.055294977167364714
1000000 0.04008520346126707
1100000 0.029059122886834834
1200000 0.02106594329172144
1300000 0.015271416432568047
1400000 0.011070767476553452
1500000 0.008025574645357485
1600000 0.005818011129275112
1700000 0.004217673499548057
1800000 0.0030575344999393852
1900000 0.0022165104101399317
2000000 0.0016068235365311776
2100000 0.001164840853324737
2200000 0.0008444326229521681
2300000 0.0006121578348412273
2400000 0.00044377396677002353
2500000 0.00032170679255274153
2600000 0.00023321615985690938
2700000 0.00016906630036257842
2800000 0.00012256189251991367
2900000 8.884927076447565e-05
