0 1.0
100000 0.875302252688366
200000 0.766154033561328
300000 0.6706163514825084
400000 0.5869920031422927
500000 0.5137954226605052
600000 0.4497262908757113
700000 0.3936464354966934
800000 0.3445596117530013
900000 0.30159380435283084
1000000 0.26398573634688716
1100000 0.23106730970202738
1200000 0.2022537367048249
1300000 0.17703315135237288
1400000 0.15495751617925244
1500000 0.13563466298269358
1600000 0.11872132605137901
1700000 0.10391704413492203
1800000 0.09095882282401362
1900000 0.07961646251974107
2000000 0.06968846899460822
2100000 0.06099847389738392
2200000 0.05339210161293264
2300000 0.04673422681756608
2400000 0.040906574011064636
2500000 0.03580561638164824
2600000 0.03134073667775217
2700000 0.027432617414949366
2800000 0.02401183182044328
2900000 0.02101761048360819
