0 1.0
100000 0.47448534881789645
200000 0.22513634624284087
300000 0.10682389777862106
400000 0.05068637439957633
500000 0.024049942037297472
600000 0.011411345136617282
700000 0.005414516077629255
800000 0.0025691085497740267
900000 0.0012190043663905686
1000000 0.0005783997119973681
1100000 0.0002744421891032419
1200000 0.00013021879782699892
1300000 6.178691170959074e-05
1400000 2.9316984354905694e-05
1500000 1.3910479547926248e-05
1600000 6.600318740522003e-06
1700000 3.131754539905883e-06
1800000 1.4859716452792718e-06
1900000 7.05071774443839e-07
2000000 3.3454622683863833e-07
2100000 1.587372831372425e-07
2200000 7.53185151597796e-08
2300000 3.573753193803406e-08
2400000 1.6956935307508813e-08
2500000 8.045817364265828e-09
2600000 3.817622458608761e-09
2700000 1.8114059239280142e-09
2800000 8.594855716657852e-10
2900000 4.078133112757894e-10
