0 1.0
100000 0.9780468853118461
200000 0.9565757098682034
300000 0.9355758936015646
400000 0.9150370887098573
500000 0.8949491745574953
600000 0.8753022526883659
700000 0.8560866419482988
800000 0.8372928737146113
900000 0.8189116872303804
1000000 0.8009340250411422
1100000 0.7833510285317693
1200000 0.766154033561328
1300000 0.7493345661937645
1400000 0.7328843385223147
1500000 0.7167952445855825
1600000 0.701059356373272
1700000 0.6856689199196061
1800000 0.6706163514825084
1900000 0.6558942338066616
2000000 0.641495312468605
2100000 0.6274124923020686
2200000 0.6136388339017809
2300000 0.60016755020403
2400000 0.5869920031422926
2500000 0.5741057003762806
2600000 0.5615022920927972
2700000 0.5491755678768228
2800000 0.5371194536512909
2900000 0.5253280086840455
