0 1.0
100000 0.7598987977274467
200000 0.577446182787619
300000 0.438800660052615
400000 0.3334440940159922
500000 0.25338376615207014
600000 0.19254601926261058
700000 0.1463154885448636
800000 0.11118496383414585
900000 0.08448932034293703
1000000 0.06420333294940696
1100000 0.04878803551834932
1200000 0.0370739695338776
1300000 0.02817246487577758
1400000 0.021408222188122106
1500000 0.016268082302236038
1600000 0.01236209618280032
1700000 0.009393942026701014
1800000 0.0071384452520114345
1900000 0.0054244959646466894
2000000 0.004122067961812406
2100000 0.0031323544883320744
2200000 0.002380272409739715
2300000 0.001808766142425022
2400000 0.0013744792169988846
2500000 0.0010444651044988148
2600000 0.0007936877771769214
2700000 0.0006031223876477122
2800000 0.00045831197725600364
2900000 0.0003482707205009261
