0 1.0
100000 0.6808080181095226
200000 0.46349955752221605
300000 0.3155542151513406
400000 0.21483183982329007
500000 0.14625923909691652
600000 0.09957446269977854
700000 0.06779109260495682
800000 0.04615271940185976
900000 0.031421141426345056
1000000 0.021391765021208996
1100000 0.014563685147953913
1200000 0.009915073621949587
1300000 0.006750261621969508
1400000 0.00459563223657383
1500000 0.0031287432749420633
1600000 0.0021300735081868022
1700000 0.0014501711235362555
1800000 0.0009872881285343774
1900000 0.0006721536740905493
2000000 0.00045760761072262065
2100000 0.0003115429305279014
2200000 0.00021210092508873335
2300000 0.0001444000104488567
2400000 9.830868492868051e-05
2500000 6.692934094924851e-05
2600000 4.556603196503441e-05
2700000 3.102171991523019e-05
2800000 2.1119835653836583e-05
2900000 1.4378553454287324e-05
