0 1.0
100000 0.4973638717550718
200000 0.24737082092719553
300000 0.12303330925558048
400000 0.06119232304619464
500000 0.03043485071194247
600000 0.015137195186379307
700000 0.0075286940054098495
800000 0.003744500399789843
900000 0.0018623792166278896
1000000 0.000926280137858225
1100000 0.0004606982756949886
1200000 0.00022913467811054485
1300000 0.00011396331065841282
1400000 5.6681233427094204e-05
1500000 2.8191197713152553e-05
1600000 1.4021283244026297e-05
1700000 6.973679721223428e-06
1800000 3.4684563465275115e-06
1900000 1.7250848775223761e-06
2000000 8.579948937906523e-07
2100000 4.2673566232180016e-07
2200000 2.122429012283357e-07
2300000 1.0556195110745425e-07
2400000 5.2502700712823006e-08
2500000 2.61129465041274e-08
2600000 1.298763617622591e-08
2700000 6.459581013553951e-09
2800000 3.212762222816742e-09
2900000 1.5979118581685644e-09
