0 1.0
100000 0.8482139907450366
200000 0.719466974095621
300000 0.6102619533069026
400000 0.5176327268143089
500000 0.4390633209514004
600000 0.37241965165395613
700000 0.3158915589612785
800000 0.26794363986921704
900000 0.22727354406821954
1000000 0.1927765998048724
1100000 0.16351580904274968
1200000 0.13869639693805402
1300000 0.11764422434878448
1400000 0.09978747702298689
1500000 0.08464113411204635
1600000 0.07179379414636468
1700000 0.06089650064361563
1800000 0.051653263833328925
1900000 0.043813021051074194
2000000 0.03716281743232794
2100000 0.03152202168160409
2200000 0.026737419806904975
2300000 0.022679053556640252
2400000 0.019236690523598245
2500000 0.0163168300377485
2600000 0.013840163522627135
2700000 0.011739420334091451
2800000 0.009957540570613136
2900000 0.00844612522540538
