0 1.0
100000 0.9176206522213087
200000 0.84202766138306
300000 0.7726619718267067
400000 0.709010582534225
500000 0.6506027531768657
600000 0.5970065227071345
700000 0.5478255147468963
800000 0.5026960061455211
900000 0.4612842370283001
1000000 0.4232839424413175
1100000 0.3884140873378087
1200000 0.3564167881548644
1300000 0.32705540560929064
1400000 0.30011279460770196
1500000 0.2753896983278791
1600000 0.25270327459465786
1700000 0.2318857436520104
1800000 0.21278314733078096
1900000 0.19525421043537405
2000000 0.1791692959286646
2100000 0.1644094461880939
2200000 0.15086550324246287
2300000 0.13843730148304476
2400000 0.12703292687862947
2500000 0.11656803721594979
2600000 0.10696523833825763
2700000 0.0981535117689597
2800000 0.09006768948724471
2900000 0.08264797197135179
