0 1.0
100000 0.7719256104532219
200000 0.5958691480735793
300000 0.45996665587693897
400000 0.3550600416259332
500000 0.2740799393796448
600000 0.21156932451861438
700000 0.16331577998220723
800000 0.1260676331594094
900000 0.09731483468496993
1000000 0.07511981317034978
1100000 0.05798690763865423
1200000 0.04476157907726276
1300000 0.03455260925406623
1400000 0.02667204399119672
1500000 0.020588833839939716
1600000 0.015893048130415418
1700000 0.012268250880033358
1800000 0.009470177049763027
1900000 0.007310272200238416
2000000 0.005642986330748256
2100000 0.004355965668142035
2200000 0.0033624814574938163
2300000 0.0025955855517135534
2400000 0.0020035989614900474
2500000 0.0015466293514516474
2600000 0.0011938828062641835
2700000 0.0009215887140350855
2800000 0.0007113979306683331
2900000 0.0005491462819063118
