0 1.0
100000 0.834990672857372
200000 0.6972094237588068
300000 0.5821633658668667
400000 0.4861009805780875
500000 0.40588978484952554
600000 0.3389141845574393
700000 0.2829901830045238
800000 0.23629416331897818
900000 0.19730342242198332
1000000 0.16474651744519414
1100000 0.13756180545247143
1200000 0.11486282449423404
1300000 0.09590938711073868
1400000 0.08008344367693386
1500000 0.06686892852053847
1600000 0.05583493161861594
1700000 0.04662164712117346
1800000 0.03892864049942759
1900000 0.032505051724039793
2000000 0.027141415010319657
2100000 0.022662828381767988
2200000 0.018923250319343603
2300000 0.01580073751679719
2400000 0.013193468450793213
2500000 0.011016423099050331
2600000 0.009198610535957528
2700000 0.007680754000772092
2800000 0.006413357951156639
2900000 0.005355094070911457
