0.0 -2920.00
0.1 -2937.44
0.2 -2952.26
0.3 -2967.34
0.4 -2981.83
0.5 -2995.76
0.6 -3009.17
0.7 -3022.11
0.8 -3034.63
0.9 -3046.75
1.0 -3058.53
1.1 -3069.41
1.2 -3080.57
1.3 -3091.51
1.4 -3102.20
1.5 -3112.67
1.6 -3122.89
1.7 -3132.96
1.8 -3142.84
1.9 -3152.51
2.0 -3162.06
2.1 -3170.98
2.2 -3180.25
2.3 -3189.36
2.4 -3198.37
2.5 -3207.26
2.6 -3216.03
2.7 -3224.69
2.8 -3233.17
2.9 -3241.62
3.0 -3249.97
3.1 -3258.23
3.2 -3265.89
3.3 -3273.98
3.4 -3281.98
3.5 -3289.90
3.6 -3297.75
3.7 -3305.42
3.8 -3313.12
3.9 -3320.74
4.0 -3328.19
4.1 -3335.68
4.2 -3342.71
4.3 -3350.08
4.4 -3357.26
4.5 -3364.33
4.6 -3371.51
4.7 -3378.64
4.8 -3385.72
4.9 -3392.74
5.0 -3399.71
5.1 -3406.63
5.2 -3413.49
5.3 -3418.82
5.4 -3425.58
5.5 -3432.29
5.6 -3438.96
5.7 -3445.59
5.8 -3452.18
5.9 -3458.72
6.0 -3465.22
6.1 -3471.68
6.2 -3478.03
6.3 -3484.08
6.4 -3490.42
6.5 -3496.73
6.6 -3503.00
6.7 -3509.23
6.8 -3515.43
6.9 -3521.59
7.0 -3527.72
7.1 -3533.82
7.2 -3539.88
7.3 -3545.91
7.4 -3551.59
7.5 -3557.56
7.6 -3563.50
7.7 -3569.41
7.8 -3574.83
7.9 -3580.68
8.0 -3586.49
8.1 -3592.28
8.2 -3598.04
8.3 -3603.77
8.4 -3609.17
8.5 -3614.85
8.6 -3620.50
8.7 -3626.12
8.8 -3631.72
8.9 -3637.30
9.0 -3642.85
9.1 -3648.37
9.2 -3653.87
9.3 -3659.34
9.4 -3664.80
9.5 -3669.85
9.6 -3675.26
9.7 -3680.64
9.8 -3686.00
9.9 -3691.34
10.0 -3696.66
10.1 -3701.95
10.2 -3707.22
10.3 -3712.47
10.4 -3717.70
10.5 -3722.64
10.6 -3727.83
10.7 -3733.00
10.8 -3738.15
10.9 -3743.28
11.0 -3747.92
11.1 -3753.01
11.2 -3757.98
11.3 -3763.03
11.4 -3768.06
11.5 -3773.08
11.6 -3777.81
11.7 -3782.79
11.8 -3787.75
11.9 -3792.69
12.0 -3797.61
12.1 -3802.52
12.2 -3807.41
12.3 -3812.28
12.4 -3817.13
12.5 -3821.97
12.6 -3826.54
12.7 -3831.34
12.8 -3836.13
12.9 -3840.91
13.0 -3845.56
13.1 -3850.30
13.2 -3855.03
13.3 -3859.74
13.4 -3864.43
13.5 -3869.11
13.6 -3873.77
13.7 -3878.18
13.8 -3882.81
13.9 -3887.43
14.0 -3892.03
14.1 -3896.62
14.2 -3901.20
14.3 -3905.76
14.4 -3910.31
14.5 -3914.84
14.6 -3918.80
14.7 -3923.07
14.8 -3927.56
14.9 -3932.04
15.0 -3936.50
15.1 -3940.83
15.2 -3945.27
15.3 -3949.69
15.4 -3954.10
15.5 -3958.50
15.6 -3962.88
15.7 -3967.25
15.8 -3971.38
15.9 -3975.72
16.0 -3980.05
16.1 -3984.37
16.2 -3988.68
16.3 -3992.98
16.4 -3997.26
16.5 -4001.53
16.6 -4005.79
16.7 -4010.03
16.8 -4014.04
16.9 -4018.27
17.0 -4022.48
17.1 -4026.55
17.2 -4030.74
17.3 -4034.92
17.4 -4039.08
17.5 -4043.23
17.6 -4047.37
17.7 -4051.50
17.8 -4055.62
17.9 -4059.51
18.0 -4063.61
18.1 -4067.69
18.2 -4071.77
18.3 -4075.83
18.4 -4079.88
18.5 -4083.92
18.6 -4087.95
18.7 -4091.97
18.8 -4095.98
18.9 -4099.13
19.0 -4103.11
19.1 -4107.09
19.2 -4111.06
19.3 -4115.01
19.4 -4118.96
19.5 -4122.89
19.6 -4126.81
19.7 -4130.73
19.8 -4134.63
19.9 -4138.52
20.0 -4142.20
20.1 -4146.08
20.2 -4149.94
20.3 -4153.80
20.4 -4157.64
20.5 -4161.47
20.6 -4165.16
20.7 -4168.98
20.8 -4172.78
20.9 -4176.58
21.0 -4180.16
21.1 -4183.94
21.2 -4187.71
21.3 -4191.46
21.4 -4195.21
21.5 -4198.95
21.6 -4202.68
21.7 -4206.40
21.8 -4210.11
21.9 -4213.81
22.0 -4217.50
22.1 -4220.99
22.2 -4224.66
22.3 -4228.32
22.4 -4231.98
22.5 -4235.62
22.6 -4239.26
22.7 -4242.89
22.8 -4246.51
22.9 -4250.12
23.0 -4253.72
23.1 -4257.12
23.2 -4260.15
23.3 -4263.72
23.4 -4267.29
23.5 -4270.85
23.6 -4274.39
23.7 -4277.93
23.8 -4281.46
23.9 -4284.99
24.0 -4288.36
24.1 -4291.86
24.2 -4295.18
24.3 -4298.66
24.4 -4302.14
24.5 -4305.62
24.6 -4309.08
24.7 -4312.53
24.8 -4315.98
24.9 -4319.42
25.0 -4322.85
25.1 -4326.27
25.2 -4329.50
25.3 -4332.91
25.4 -4336.30
25.5 -4339.69
25.6 -4343.07
25.7 -4346.45
25.8 -4349.81
25.9 -4353.17
26.0 -4356.52
26.1 -4359.86
26.2 -4363.19
26.3 -4366.34
26.4 -4369.66
26.5 -4372.97
26.6 -4376.27
26.7 -4379.56
26.8 -4382.85
26.9 -4386.13
27.0 -4389.40
27.1 -4392.66
27.2 -4395.91
27.3 -4398.99
27.4 -4402.23
27.5 -4405.46
27.6 -4408.69
27.7 -4411.90
27.8 -4415.11
27.9 -4418.31
28.0 -4421.51
28.1 -4424.69
28.2 -4427.87
28.3 -4431.04
28.4 -4434.04
28.5 -4437.20
28.6 -4440.35
28.7 -4443.49
28.8 -4446.62
28.9 -4449.75
29.0 -4452.87
29.1 -4455.98
29.2 -4459.09
29.3 -4462.19
29.4 -4464.97
29.5 -4468.05
29.6 -4471.13
29.7 -4474.20
29.8 -4477.26
29.9 -4480.32
30.0 -4483.37
30.1 -4486.41
30.2 -4489.44
30.3 -4492.47
30.4 -4495.33
30.5 -4498.34
30.6 -4501.35
30.7 -4504.35
30.8 -4507.34
30.9 -4510.32
31.0 -4513.30
31.1 -4516.27
31.2 -4519.24
31.3 -4522.19
31.4 -4525.14
31.5 -4527.93
31.6 -4530.87
31.7 -4533.80
31.8 -4536.72
31.9 -4539.64
32.0 -4542.55
32.1 -4545.45
32.2 -4548.35
32.3 -4551.24
32.4 -4554.12
32.5 -4556.85
32.6 -4559.72
32.7 -4562.58
32.8 -4565.44
32.9 -4568.29
33.0 -4571.13
33.1 -4573.97
33.2 -4576.80
33.3 -4579.62
33.4 -4582.44
33.5 -4585.25
33.6 -4587.90
33.7 -4590.70
33.8 -4593.49
33.9 -4596.28
34.0 -4599.06
34.1 -4601.83
34.2 -4604.60
34.3 -4607.35
34.4 -4610.11
34.5 -4612.85
34.6 -4615.45
34.7 -4618.19
34.8 -4620.91
34.9 -4623.64
35.0 -4626.35
35.1 -4629.06
35.2 -4631.76
35.3 -4634.46
35.4 -4637.15
35.5 -4639.83
35.6 -4642.51
35.7 -4645.04
35.8 -4647.71
35.9 -4650.37
36.0 -4653.02
36.1 -4655.67
36.2 -4658.31
36.3 -4660.95
36.4 -4663.58
36.5 -4666.20
36.6 -4668.82
36.7 -4671.29
36.8 -4673.90
36.9 -4676.50
37.0 -4679.09
37.1 -4681.68
37.2 -4684.13
37.3 -4686.70
37.4 -4689.27
37.5 -4691.84
37.6 -4694.39
37.7 -4696.95
37.8 -4699.36
37.9 -4701.90
38.0 -4704.44
38.1 -4706.97
38.2 -4709.49
38.3 -4712.01
38.4 -4714.52
38.5 -4717.03
38.6 -4719.53
38.7 -4722.02
38.8 -4724.38
38.9 -4726.86
39.0 -4729.34
39.1 -4731.81
39.2 -4734.28
39.3 -4736.74
39.4 -4739.20
39.5 -4741.65
39.6 -4744.09
39.7 -4746.53
39.8 -4748.96
39.9 -4751.26
40.0 -4753.69
40.1 -4756.10
40.2 -4758.51
40.3 -4760.92
40.4 -4763.32
40.5 -4765.71
40.6 -4768.10
40.7 -4770.49
40.8 -4772.86
40.9 -4775.11
41.0 -4777.48
41.1 -4779.84
41.2 -4782.20
41.3 -4784.55
41.4 -4786.90
41.5 -4789.24
41.6 -4791.57
41.7 -4793.90
41.8 -4796.23
41.9 -4798.55
42.0 -4800.74
42.1 -4803.05
42.2 -4805.35
42.3 -4807.65
42.4 -4809.94
42.5 -4812.23
42.6 -4814.51
42.7 -4816.79
42.8 -4819.06
42.9 -4821.33
43.0 -4823.47
43.1 -4825.73
43.2 -4827.98
43.3 -4830.23
43.4 -4832.47
43.5 -4834.71
43.6 -4836.94
43.7 -4839.17
43.8 -4841.39
43.9 -4843.60
44.0 -4845.82
44.1 -4847.91
44.2 -4850.11
44.3 -4852.30
44.4 -4854.49
44.5 -4856.68
44.6 -4858.86
44.7 -4861.04
44.8 -4863.21
44.9 -4865.38
45.0 -4867.54
45.1 -4869.58
45.2 -4871.73
45.3 -4873.88
45.4 -4876.02
45.5 -4878.16
45.6 -4880.29
45.7 -4882.42
45.8 -4884.54
45.9 -4886.66
46.0 -4888.77
46.1 -4890.88
46.2 -4892.87
46.3 -4894.97
46.4 -4897.07
46.5 -4899.15
46.6 -4901.24
46.7 -4903.32
46.8 -4905.39
46.9 -4907.46
47.0 -4909.53
47.1 -4911.59
47.2 -4913.54
47.3 -4915.59
47.4 -4917.64
47.5 -4919.68
47.6 -4921.72
47.7 -4923.75
47.8 -4925.78
47.9 -4927.80
48.0 -4929.82
48.1 -4931.84
48.2 -4933.85
48.3 -4935.75
48.4 -4937.75
48.5 -4939.74
48.6 -4941.74
48.7 -4943.72
48.8 -4945.71
48.9 -4947.69
49.0 -4949.66
49.1 -4951.63
49.2 -4953.59
49.3 -4955.45
49.4 -4957.41
49.5 -4959.36
49.6 -4961.31
49.7 -4963.25
49.8 -4965.19
49.9 -4967.12
50.0 -4969.05
50.1 -4970.98
50.2 -4972.90
50.3 -4974.81
50.4 -4976.63
50.5 -4978.53
50.6 -4980.44
50.7 -4982.34
50.8 -4984.23
50.9 -4986.12
51.0 -4988.01
51.1 -4989.89
51.2 -4991.77
51.3 -4993.64
51.4 -4995.41
51.5 -4997.28
51.6 -4999.14
51.7 -5001.00
51.8 -5002.85
51.9 -5004.70
52.0 -5006.54
52.1 -5008.38
52.2 -5010.22
52.3 -5012.05
52.4 -5013.88
52.5 -5015.61
52.6 -5017.43
52.7 -5019.24
52.8 -5021.05
52.9 -5022.86
53.0 -5024.66
53.1 -5026.46
53.2 -5028.06
53.3 -5029.85
53.4 -5031.63
53.5 -5033.32
53.6 -5035.10
53.7 -5036.88
53.8 -5038.65
53.9 -5040.42
54.0 -5042.18
54.1 -5043.94
54.2 -5045.69
54.3 -5047.45
54.4 -5049.19
54.5 -5050.94
54.6 -5052.58
54.7 -5054.32
54.8 -5056.05
54.9 -5057.78
55.0 -5059.50
55.1 -5061.22
55.2 -5062.94
55.3 -5064.65
55.4 -5066.36
55.5 -5068.06
55.6 -5069.67
55.7 -5071.37
55.8 -5073.06
55.9 -5074.75
56.0 -5076.44
56.1 -5078.12
56.2 -5079.80
56.3 -5081.47
56.4 -5083.14
56.5 -5084.81
56.6 -5086.47
56.7 -5088.04
56.8 -5089.70
56.9 -5091.35
57.0 -5092.99
57.1 -5094.64
57.2 -5096.28
57.3 -5097.92
57.4 -5099.55
57.5 -5101.18
57.6 -5102.80
57.7 -5104.34
57.8 -5105.96
57.9 -5107.57
58.0 -5109.18
58.1 -5110.79
58.2 -5112.39
58.3 -5113.99
58.4 -5115.59
58.5 -5117.18
58.6 -5118.77
58.7 -5120.36
58.8 -5121.85
58.9 -5123.43
59.0 -5125.01
59.1 -5126.58
59.2 -5128.15
59.3 -5129.71
59.4 -5131.27
59.5 -5132.83
59.6 -5134.38
59.7 -5135.93
59.8 -5137.40
59.9 -5138.94
60.0 -5140.48
60.1 -5142.02
60.2 -5143.55
60.3 -5145.08
60.4 -5146.60
60.5 -5148.12
60.6 -5149.64
60.7 -5151.16
60.8 -5152.59
60.9 -5154.10
61.0 -5155.61
61.1 -5157.11
61.2 -5158.61
61.3 -5160.10
61.4 -5161.59
61.5 -5163.08
61.6 -5164.57
61.7 -5166.05
61.8 -5167.53
61.9 -5168.92
62.0 -5170.39
62.1 -5171.86
62.2 -5173.33
62.3 -5174.79
62.4 -5176.25
62.5 -5177.70
62.6 -5179.15
62.7 -5180.60
62.8 -5182.05
62.9 -5183.41
63.0 -5184.85
63.1 -5186.29
63.2 -5187.72
63.3 -5189.15
63.4 -5190.58
63.5 -5192.00
63.6 -5193.42
63.7 -5194.83
63.8 -5196.25
63.9 -5197.66
64.0 -5198.99
64.1 -5200.39
64.2 -5201.79
64.3 -5203.19
64.4 -5204.58
64.5 -5205.97
64.6 -5207.36
64.7 -5208.75
64.8 -5210.13
64.9 -5211.51
65.0 -5212.81
65.1 -5214.18
65.2 -5215.55
65.3 -5216.92
65.4 -5218.28
65.5 -5219.64
65.6 -5220.99
65.7 -5222.35
65.8 -5223.70
65.9 -5225.05
66.0 -5226.39
66.1 -5227.66
66.2 -5229.00
66.3 -5230.34
66.4 -5231.67
66.5 -5233.00
66.6 -5234.32
66.7 -5235.65
66.8 -5236.97
66.9 -5238.29
67.0 -5239.60
67.1 -5240.84
67.2 -5242.15
67.3 -5243.46
67.4 -5244.76
67.5 -5246.06
67.6 -5247.36
67.7 -5248.65
67.8 -5249.94
67.9 -5251.23
68.0 -5252.51
68.1 -5253.80
68.2 -5255.01
68.3 -5256.28
68.4 -5257.56
68.5 -5258.83
68.6 -5260.10
68.7 -5261.36
68.8 -5262.62
68.9 -5263.88
69.0 -5265.14
69.1 -5266.39
69.2 -5267.58
69.3 -5268.83
69.4 -5270.07
69.5 -5271.31
69.6 -5272.55
69.7 -5273.79
69.8 -5275.02
69.9 -5276.25
70.0 -5277.48
70.1 -5278.71
70.2 -5279.93
70.3 -5281.09
70.4 -5282.30
70.5 -5283.52
70.6 -5284.73
70.7 -5285.94
70.8 -5287.15
70.9 -5288.35
71.0 -5289.55
71.1 -5290.75
71.2 -5291.95
71.3 -5293.08
71.4 -5294.27
71.5 -5295.45
71.6 -5296.64
71.7 -5297.82
71.8 -5299.00
71.9 -5300.18
72.0 -5301.35
72.1 -5302.52
72.2 -5303.69
72.3 -5304.86
72.4 -5305.96
72.5 -5307.12
72.6 -5308.28
72.7 -5309.44
72.8 -5310.59
72.9 -5311.74
73.0 -5312.89
73.1 -5314.03
73.2 -5315.18
73.3 -5316.32
73.4 -5317.39
73.5 -5318.53
73.6 -5319.66
73.7 -5320.79
73.8 -5321.92
73.9 -5323.04
74.0 -5324.17
74.1 -5325.29
74.2 -5326.40
74.3 -5327.52
74.4 -5328.63
74.5 -5329.68
74.6 -5330.79
74.7 -5331.89
74.8 -5333.00
74.9 -5334.10
75.0 -5335.19
75.1 -5336.29
75.2 -5337.38
75.3 -5338.47
75.4 -5339.56
75.5 -5340.59
75.6 -5341.67
75.7 -5342.75
75.8 -5343.83
75.9 -5344.90
76.0 -5345.97
76.1 -5347.04
76.2 -5348.11
76.3 -5349.18
76.4 -5350.24
76.5 -5351.30
76.6 -5352.30
76.7 -5353.36
76.8 -5354.41
76.9 -5355.47
77.0 -5356.51
77.1 -5357.56
77.2 -5358.61
77.3 -5359.65
77.4 -5360.69
77.5 -5361.72
77.6 -5362.70
77.7 -5363.74
77.8 -5364.77
77.9 -5365.79
78.0 -5366.82
78.1 -5367.84
78.2 -5368.86
78.3 -5369.88
78.4 -5370.90
78.5 -5371.91
78.6 -5372.92
78.7 -5373.88
78.8 -5374.89
78.9 -5375.89
79.0 -5376.90
79.1 -5377.90
79.2 -5378.89
79.3 -5379.89
79.4 -5380.88
79.5 -5381.87
79.6 -5382.86
79.7 -5383.80
79.8 -5384.78
79.9 -5385.77
80.0 -5386.75
80.1 -5387.72
80.2 -5388.70
80.3 -5389.67
80.4 -5390.64
80.5 -5391.61
80.6 -5392.58
80.7 -5393.55
80.8 -5394.46
80.9 -5395.42
81.0 -5396.38
81.1 -5397.33
81.2 -5398.29
81.3 -5399.24
81.4 -5400.19
81.5 -5401.14
81.6 -5402.08
81.7 -5403.02
81.8 -5403.92
81.9 -5404.86
82.0 -5405.79
82.1 -5406.73
82.2 -5407.66
82.3 -5408.59
82.4 -5409.52
82.5 -5410.45
82.6 -5411.37
82.7 -5412.29
82.8 -5413.21
82.9 -5414.08
83.0 -5415.00
83.1 -5415.91
83.2 -5416.82
83.3 -5417.73
83.4 -5418.64
83.5 -5419.55
83.6 -5420.45
83.7 -5421.35
83.8 -5422.25
83.9 -5423.10
84.0 -5424.00
84.1 -5424.89
84.2 -5425.78
84.3 -5426.67
84.4 -5427.56
84.5 -5428.45
84.6 -5429.33
84.7 -5430.21
84.8 -5431.09
84.9 -5431.97
85.0 -5432.80
85.1 -5433.67
85.2 -5434.54
85.3 -5435.41
85.4 -5436.28
85.5 -5437.15
85.6 -5438.01
85.7 -5438.87
85.8 -5439.73
85.9 -5440.59
86.0 -5441.40
86.1 -5442.25
86.2 -5443.11
86.3 -5443.96
86.4 -5444.80
86.5 -5445.65
86.6 -5446.50
86.7 -5447.34
86.8 -5448.18
86.9 -5449.02
87.0 -5449.85
87.1 -5450.65
87.2 -5451.48
87.3 -5452.31
87.4 -5453.14
87.5 -5453.97
87.6 -5454.79
87.7 -5455.62
87.8 -5456.44
87.9 -5457.26
88.0 -5458.08
88.1 -5458.85
88.2 -5459.66
88.3 -5460.48
88.4 -5461.29
88.5 -5462.10
88.6 -5462.90
88.7 -5463.71
88.8 -5464.51
88.9 -5465.31
89.0 -5466.11
89.1 -5466.87
89.2 -5467.67
89.3 -5468.46
89.4 -5469.25
89.5 -5470.05
89.6 -5470.83
89.7 -5471.62
89.8 -5472.41
89.9 -5473.19
90.0 -5473.97
90.1 -5474.75
90.2 -5475.49
90.3 -5476.27
90.4 -5477.04
90.5 -5477.82
90.6 -5478.59
90.7 -5479.36
90.8 -5480.13
90.9 -5480.89
91.0 -5481.66
91.1 -5482.42
91.2 -5483.14
91.3 -5483.90
91.4 -5484.66
91.5 -5485.41
91.6 -5486.17
91.7 -5486.92
91.8 -5487.67
91.9 -5488.42
92.0 -5489.17
92.1 -5489.91
92.2 -5490.66
92.3 -5491.36
92.4 -5492.10
92.5 -5492.84
92.6 -5493.58
92.7 -5494.31
92.8 -5495.05
92.9 -5495.78
93.0 -5496.51
93.1 -5497.24
93.2 -5497.97
93.3 -5498.65
93.4 -5499.38
93.5 -5500.10
93.6 -5500.82
93.7 -5501.54
93.8 -5502.26
93.9 -5502.98
94.0 -5503.69
94.1 -5504.40
94.2 -5505.11
94.3 -5505.82
94.4 -5506.49
94.5 -5507.20
94.6 -5507.91
94.7 -5508.61
94.8 -5509.31
94.9 -5510.01
95.0 -5510.71
95.1 -5511.41
95.2 -5512.10
95.3 -5512.79
95.4 -5513.45
95.5 -5514.14
95.6 -5514.83
95.7 -5515.52
95.8 -5516.20
95.9 -5516.89
96.0 -5517.57
96.1 -5518.25
96.2 -5518.93
96.3 -5519.61
96.4 -5520.29
96.5 -5520.93
96.6 -5521.60
96.7 -5522.27
96.8 -5522.94
96.9 -5523.61
97.0 -5524.28
97.1 -5524.95
97.2 -5525.61
97.3 -5526.27
97.4 -5526.93
97.5 -5527.56
97.6 -5528.22
97.7 -5528.88
97.8 -5529.53
97.9 -5530.19
98.0 -5530.84
98.1 -5531.49
98.2 -5532.14
98.3 -5532.79
98.4 -5533.43
98.5 -5534.08
98.6 -5534.69
98.7 -5535.33
98.8 -5535.97
98.9 -5536.61
99.0 -5537.25
99.1 -5537.89
99.2 -5538.52
99.3 -5539.15
99.4 -5539.79
99.5 -5540.42
99.6 -5541.01
99.7 -5541.64
99.8 -5542.27
99.9 -5542.89
100.0 -5543.52
100.1 -5544.14
100.2 -5544.76
100.3 -5545.38
100.4 -5546.00
100.5 -5546.62
100.6 -5547.23
100.7 -5547.81
100.8 -5548.42
100.9 -5549.04
101.0 -5549.65
101.1 -5550.25
101.2 -5550.86
101.3 -5551.47
101.4 -5552.07
101.5 -5552.67
101.6 -5553.28
101.7 -5553.84
101.8 -5554.44
101.9 -5555.04
102.0 -5555.64
102.1 -5556.23
102.2 -5556.83
102.3 -5557.42
102.4 -5558.01
102.5 -5558.60
102.6 -5559.19
102.7 -5559.77
102.8 -5560.33
102.9 -5560.91
103.0 -5561.49
103.1 -5562.08
103.2 -5562.66
103.3 -5563.23
103.4 -5563.81
103.5 -5564.39
103.6 -5564.96
103.7 -5565.54
103.8 -5566.08
103.9 -5566.65
104.0 -5567.22
104.1 -5567.79
104.2 -5568.35
104.3 -5568.92
104.4 -5569.49
104.5 -5570.05
104.6 -5570.61
104.7 -5571.17
104.8 -5571.73
104.9 -5572.26
105.0 -5572.82
105.1 -5573.37
105.2 -5573.93
105.3 -5574.48
105.4 -5575.03
105.5 -5575.58
105.6 -5576.13
105.7 -5576.68
105.8 -5577.23
105.9 -5577.74
106.0 -5578.29
106.1 -5578.83
106.2 -5579.37
106.3 -5579.92
106.4 -5580.45
106.5 -5580.99
106.6 -5581.53
106.7 -5582.07
106.8 -5582.60
106.9 -5583.13
107.0 -5583.64
107.1 -5584.17
107.2 -5584.70
107.3 -5585.23
107.4 -5585.76
107.5 -5586.28
107.6 -5586.81
107.7 -5587.33
107.8 -5587.85
107.9 -5588.38
108.0 -5588.87
108.1 -5589.39
108.2 -5589.91
108.3 -5590.42
108.4 -5590.94
108.5 -5591.45
108.6 -5591.97
108.7 -5592.48
108.8 -5592.99
108.9 -5593.50
109.0 -5594.01
109.1 -5594.49
109.2 -5594.99
109.3 -5595.50
109.4 -5596.00
109.5 -5596.51
109.6 -5597.01
109.7 -5597.51
109.8 -5598.01
109.9 -5598.51
110.0 -5599.00
110.1 -5599.48
110.2 -5599.97
110.3 -5600.46
110.4 -5600.96
110.5 -5601.45
110.6 -5601.94
110.7 -5602.43
110.8 -5602.92
110.9 -5603.40
111.0 -5603.89
111.1 -5604.38
111.2 -5604.83
111.3 -5605.32
111.4 -5605.80
111.5 -5606.28
111.6 -5606.76
111.7 -5607.24
111.8 -5607.71
111.9 -5608.19
112.0 -5608.67
112.1 -5609.14
112.2 -5609.59
112.3 -5610.06
112.4 -5610.53
112.5 -5611.00
112.6 -5611.47
112.7 -5611.94
112.8 -5612.40
112.9 -5612.87
113.0 -5613.33
113.1 -5613.80
113.2 -5614.26
113.3 -5614.70
113.4 -5615.16
113.5 -5615.62
113.6 -5616.08
113.7 -5616.53
113.8 -5616.99
113.9 -5617.44
114.0 -5617.90
114.1 -5618.35
114.2 -5618.80
114.3 -5619.23
114.4 -5619.68
114.5 -5620.13
114.6 -5620.58
114.7 -5621.03
114.8 -5621.47
114.9 -5621.92
115.0 -5622.36
115.1 -5622.80
115.2 -5623.25
115.3 -5623.69
115.4 -5624.10
115.5 -5624.54
115.6 -5624.98
115.7 -5625.42
115.8 -5625.85
115.9 -5626.29
116.0 -5626.72
116.1 -5627.16
116.2 -5627.59
116.3 -5628.02
116.4 -5628.43
116.5 -5628.85
116.6 -5629.28
116.7 -5629.71
116.8 -5630.14
116.9 -5630.56
117.0 -5630.99
117.1 -5631.41
117.2 -5631.83
117.3 -5632.25
117.4 -5632.67
117.5 -5633.07
117.6 -5633.49
117.7 -5633.91
117.8 -5634.32
117.9 -5634.74
118.0 -5635.15
118.1 -5635.57
118.2 -5635.98
118.3 -5636.39
118.4 -5636.80
118.5 -5637.19
118.6 -5637.60
118.7 -5638.01
118.8 -5638.42
118.9 -5638.82
119.0 -5639.23
119.1 -5639.63
119.2 -5640.04
119.3 -5640.44
119.4 -5640.84
119.5 -5641.22
119.6 -5641.62
119.7 -5642.02
119.8 -5642.42
119.9 -5642.82
120.0 -5643.21
120.1 -5643.61
120.2 -5644.00
120.3 -5644.40
120.4 -5644.79
120.5 -5645.18
120.6 -5645.55
120.7 -5645.94
120.8 -5646.33
120.9 -5646.72
121.0 -5647.11
121.1 -5647.49
121.2 -5647.88
121.3 -5648.26
121.4 -5648.65
121.5 -5649.03
121.6 -5649.39
121.7 -5649.77
121.8 -5650.15
121.9 -5650.53
122.0 -5650.91
122.1 -5651.29
122.2 -5651.67
122.3 -5652.04
122.4 -5652.42
122.5 -5652.79
122.6 -5653.17
122.7 -5653.52
122.8 -5653.89
122.9 -5654.26
123.0 -5654.63
123.1 -5655.00
123.2 -5655.37
123.3 -5655.74
123.4 -5656.10
123.5 -5656.47
123.6 -5656.84
123.7 -5657.18
123.8 -5657.54
123.9 -5657.91
124.0 -5658.27
124.1 -5658.63
124.2 -5658.99
124.3 -5659.35
124.4 -5659.71
124.5 -5660.07
124.6 -5660.42
124.7 -5660.78
124.8 -5661.12
124.9 -5661.47
125.0 -5661.82
125.1 -5662.18
125.2 -5662.53
125.3 -5662.88
125.4 -5663.23
125.5 -5663.58
125.6 -5663.93
125.7 -5664.28
125.8 -5664.61
125.9 -5664.95
126.0 -5665.30
126.1 -5665.64
126.2 -5665.99
126.3 -5666.33
126.4 -5666.68
126.5 -5667.02
126.6 -5667.36
126.7 -5667.70
126.8 -5668.04
126.9 -5668.36
127.0 -5668.70
127.1 -5669.03
127.2 -5669.37
127.3 -5669.71
127.4 -5670.04
127.5 -5670.38
127.6 -5670.71
127.7 -5671.04
127.8 -5671.37
127.9 -5671.69
128.0 -5672.02
128.1 -5672.35
128.2 -5672.68
128.3 -5673.00
128.4 -5673.33
128.5 -5673.66
128.6 -5673.99
128.7 -5674.31
128.8 -5674.63
128.9 -5674.96
129.0 -5675.26
129.1 -5675.59
129.2 -5675.91
129.3 -5676.23
129.4 -5676.55
129.5 -5676.87
129.6 -5677.19
129.7 -5677.51
129.8 -5677.82
129.9 -5678.14
130.0 -5678.44
130.1 -5678.75
130.2 -5679.07
130.3 -5679.38
130.4 -5679.69
130.5 -5680.01
130.6 -5680.32
130.7 -5680.63
130.8 -5680.94
130.9 -5681.25
131.0 -5681.56
131.1 -5681.85
131.2 -5682.15
131.3 -5682.46
131.4 -5682.77
131.5 -5683.07
131.6 -5683.38
131.7 -5683.68
131.8 -5683.98
131.9 -5684.29
132.0 -5684.59
132.1 -5684.87
132.2 -5685.17
132.3 -5685.47
132.4 -5685.77
132.5 -5686.07
132.6 -5686.37
132.7 -5686.66
132.8 -5686.96
132.9 -5687.26
133.0 -5687.55
133.1 -5687.85
133.2 -5688.12
133.3 -5688.42
133.4 -5688.71
133.5 -5689.00
133.6 -5689.29
133.7 -5689.58
133.8 -5689.87
133.9 -5690.16
134.0 -5690.45
134.1 -5690.74
134.2 -5691.01
134.3 -5691.29
134.4 -5691.58
134.5 -5691.86
134.6 -5692.15
134.7 -5692.43
134.8 -5692.72
134.9 -5693.00
135.0 -5693.28
135.1 -5693.56
135.2 -5693.84
135.3 -5694.11
135.4 -5694.39
135.5 -5694.66
135.6 -5694.94
135.7 -5695.22
135.8 -5695.50
135.9 -5695.77
136.0 -5696.05
136.1 -5696.32
136.2 -5696.60
136.3 -5696.86
136.4 -5697.13
136.5 -5697.40
136.6 -5697.67
136.7 -5697.94
136.8 -5698.21
136.9 -5698.48
137.0 -5698.75
137.1 -5699.02
137.2 -5699.29
137.3 -5699.56
137.4 -5699.81
137.5 -5700.08
137.6 -5700.34
137.7 -5700.61
137.8 -5700.87
137.9 -5701.14
138.0 -5701.40
138.1 -5701.66
138.2 -5701.92
138.3 -5702.18
138.4 -5702.43
138.5 -5702.69
138.6 -5702.95
138.7 -5703.21
138.8 -5703.47
138.9 -5703.73
139.0 -5703.98
139.1 -5704.24
139.2 -5704.50
139.3 -5704.75
139.4 -5705.01
139.5 -5705.25
139.6 -5705.50
139.7 -5705.75
139.8 -5706.01
139.9 -5706.26
140.0 -5706.51
140.1 -5706.76
140.2 -5707.01
140.3 -5707.26
140.4 -5707.51
140.5 -5707.75
140.6 -5707.99
140.7 -5708.24
140.8 -5708.49
140.9 -5708.73
141.0 -5708.98
141.1 -5709.23
141.2 -5709.47
141.3 -5709.71
141.4 -5709.96
141.5 -5710.20
141.6 -5710.43
141.7 -5710.67
141.8 -5710.91
141.9 -5711.15
142.0 -5711.40
142.1 -5711.63
142.2 -5711.87
142.3 -5712.11
142.4 -5712.35
142.5 -5712.59
142.6 -5712.81
142.7 -5713.05
142.8 -5713.28
142.9 -5713.52
143.0 -5713.76
143.1 -5713.99
143.2 -5714.22
143.3 -5714.46
143.4 -5714.69
143.5 -5714.92
143.6 -5715.15
143.7 -5715.37
143.8 -5715.60
143.9 -5715.83
144.0 -5716.06
144.1 -5716.29
144.2 -5716.52
144.3 -5716.75
144.4 -5716.97
144.5 -5717.20
144.6 -5717.43
144.7 -5717.64
144.8 -5717.87
144.9 -5718.09
145.0 -5718.32
145.1 -5718.54
145.2 -5718.76
145.3 -5718.99
145.4 -5719.21
145.5 -5719.43
145.6 -5719.65
145.7 -5719.87
145.8 -5720.08
145.9 -5720.30
146.0 -5720.52
146.1 -5720.74
146.2 -5720.96
146.3 -5721.18
146.4 -5721.39
146.5 -5721.61
146.6 -5721.83
146.7 -5722.04
146.8 -5722.25
146.9 -5722.46
147.0 -5722.68
147.1 -5722.89
147.2 -5723.10
147.3 -5723.32
147.4 -5723.53
147.5 -5723.74
147.6 -5723.95
147.7 -5724.16
147.8 -5724.37
147.9 -5724.57
148.0 -5724.78
148.1 -5724.99
148.2 -5725.20
148.3 -5725.41
148.4 -5725.61
148.5 -5725.82
148.6 -5726.03
148.7 -5726.23
148.8 -5726.44
148.9 -5726.63
149.0 -5726.84
149.1 -5727.04
149.2 -5727.25
149.3 -5727.45
149.4 -5727.65
149.5 -5727.86
149.6 -5728.06
149.7 -5728.26
149.8 -5728.46
149.9 -5728.65
150.0 -5728.85
150.1 -5729.05
150.2 -5729.25
150.3 -5729.45
150.4 -5729.65
150.5 -5729.85
150.6 -5730.04
150.7 -5730.24
150.8 -5730.44
150.9 -5730.63
151.0 -5730.82
151.1 -5731.01
151.2 -5731.21
151.3 -5731.40
151.4 -5731.60
151.5 -5731.79
151.6 -5731.98
151.7 -5732.18
151.8 -5732.37
151.9 -5732.56
152.0 -5732.74
152.1 -5732.93
152.2 -5733.12
152.3 -5733.31
152.4 -5733.50
152.5 -5733.69
152.6 -5733.88
152.7 -5734.07
152.8 -5734.25
152.9 -5734.44
153.0 -5734.63
153.1 -5734.81
153.2 -5734.99
153.3 -5735.18
153.4 -5735.36
153.5 -5735.55
153.6 -5735.73
153.7 -5735.92
153.8 -5736.10
153.9 -5736.28
154.0 -5736.46
154.1 -5736.64
154.2 -5736.82
154.3 -5737.00
154.4 -5737.18
154.5 -5737.36
154.6 -5737.54
154.7 -5737.72
154.8 -5737.90
154.9 -5738.08
155.0 -5738.26
155.1 -5738.44
155.2 -5738.61
155.3 -5738.78
155.4 -5738.96
155.5 -5739.14
155.6 -5739.31
155.7 -5739.49
155.8 -5739.66
155.9 -5739.84
156.0 -5740.01
156.1 -5740.19
156.2 -5740.35
156.3 -5740.53
156.4 -5740.70
156.5 -5740.87
156.6 -5741.04
156.7 -5741.22
156.8 -5741.39
156.9 -5741.56
157.0 -5741.73
157.1 -5741.90
157.2 -5742.07
157.3 -5742.23
157.4 -5742.40
157.5 -5742.57
157.6 -5742.74
157.7 -5742.90
157.8 -5743.07
157.9 -5743.24
158.0 -5743.40
158.1 -5743.57
158.2 -5743.74
158.3 -5743.89
158.4 -5744.06
158.5 -5744.22
158.6 -5744.39
158.7 -5744.55
158.8 -5744.72
158.9 -5744.88
159.0 -5745.04
159.1 -5745.21
159.2 -5745.37
159.3 -5745.53
159.4 -5745.68
159.5 -5745.84
159.6 -5746.00
159.7 -5746.16
159.8 -5746.32
159.9 -5746.48
160.0 -5746.64
160.1 -5746.80
160.2 -5746.96
160.3 -5747.12
160.4 -5747.27
160.5 -5747.43
160.6 -5747.58
160.7 -5747.74
160.8 -5747.90
160.9 -5748.05
161.0 -5748.21
161.1 -5748.36
161.2 -5748.52
161.3 -5748.67
161.4 -5748.83
161.5 -5748.97
161.6 -5749.13
161.7 -5749.28
161.8 -5749.43
161.9 -5749.59
162.0 -5749.74
162.1 -5749.89
162.2 -5750.04
162.3 -5750.19
162.4 -5750.34
162.5 -5750.49
162.6 -5750.64
162.7 -5750.79
162.8 -5750.94
162.9 -5751.09
163.0 -5751.23
163.1 -5751.38
163.2 -5751.53
163.3 -5751.68
163.4 -5751.83
163.5 -5751.97
163.6 -5752.11
163.7 -5752.26
163.8 -5752.40
163.9 -5752.55
164.0 -5752.70
164.1 -5752.84
164.2 -5752.98
164.3 -5753.13
164.4 -5753.27
164.5 -5753.42
164.6 -5753.55
164.7 -5753.70
164.8 -5753.84
164.9 -5753.98
165.0 -5754.12
165.1 -5754.27
165.2 -5754.41
165.3 -5754.55
165.4 -5754.69
165.5 -5754.83
165.6 -5754.97
165.7 -5755.10
165.8 -5755.24
165.9 -5755.38
166.0 -5755.52
166.1 -5755.66
166.2 -5755.80
166.3 -5755.93
166.4 -5756.07
166.5 -5756.21
166.6 -5756.35
166.7 -5756.48
166.8 -5756.61
166.9 -5756.75
167.0 -5756.88
167.1 -5757.02
167.2 -5757.15
167.3 -5757.29
167.4 -5757.42
167.5 -5757.56
167.6 -5757.69
167.7 -5757.83
167.8 -5757.95
167.9 -5758.09
168.0 -5758.22
168.1 -5758.35
168.2 -5758.48
168.3 -5758.61
168.4 -5758.75
168.5 -5758.88
168.6 -5759.01
168.7 -5759.14
168.8 -5759.26
168.9 -5759.39
169.0 -5759.52
169.1 -5759.65
169.2 -5759.78
169.3 -5759.91
169.4 -5760.04
169.5 -5760.17
169.6 -5760.29
169.7 -5760.42
169.8 -5760.55
169.9 -5760.67
170.0 -5760.80
170.1 -5760.92
170.2 -5761.05
170.3 -5761.17
170.4 -5761.30
170.5 -5761.43
170.6 -5761.55
170.7 -5761.67
170.8 -5761.80
170.9 -5761.92
171.0 -5762.04
171.1 -5762.16
171.2 -5762.29
171.3 -5762.41
171.4 -5762.53
171.5 -5762.66
171.6 -5762.78
171.7 -5762.90
171.8 -5763.02
171.9 -5763.14
172.0 -5763.26
172.1 -5763.38
172.2 -5763.50
172.3 -5763.62
172.4 -5763.74
172.5 -5763.86
172.6 -5763.98
172.7 -5764.10
172.8 -5764.22
172.9 -5764.34
173.0 -5764.45
173.1 -5764.57
173.2 -5764.68
173.3 -5764.80
173.4 -5764.92
173.5 -5765.04
173.6 -5765.15
173.7 -5765.27
173.8 -5765.39
173.9 -5765.50
174.0 -5765.62
174.1 -5765.73
174.2 -5765.84
174.3 -5765.96
174.4 -5766.07
174.5 -5766.19
174.6 -5766.30
174.7 -5766.41
174.8 -5766.53
174.9 -5766.64
175.0 -5766.75
175.1 -5766.86
175.2 -5766.97
175.3 -5767.08
175.4 -5767.20
175.5 -5767.31
175.6 -5767.42
175.7 -5767.53
175.8 -5767.64
175.9 -5767.75
176.0 -5767.86
176.1 -5767.97
176.2 -5768.08
176.3 -5768.19
176.4 -5768.30
176.5 -5768.41
176.6 -5768.52
176.7 -5768.62
176.8 -5768.73
176.9 -5768.84
177.0 -5768.95
177.1 -5769.06
177.2 -5769.16
177.3 -5769.27
177.4 -5769.37
177.5 -5769.48
177.6 -5769.59
177.7 -5769.69
177.8 -5769.80
177.9 -5769.90
178.0 -5770.01
178.1 -5770.12
178.2 -5770.22
178.3 -5770.32
178.4 -5770.42
178.5 -5770.53
178.6 -5770.63
178.7 -5770.74
178.8 -5770.84
178.9 -5770.94
179.0 -5771.05
179.1 -5771.15
179.2 -5771.25
179.3 -5771.35
179.4 -5771.45
179.5 -5771.55
179.6 -5771.66
179.7 -5771.76
179.8 -5771.86
179.9 -5771.96
180.0 -5772.06
180.1 -5772.16
180.2 -5772.26
180.3 -5772.36
180.4 -5772.46
180.5 -5772.56
180.6 -5772.66
180.7 -5772.76
180.8 -5772.85
180.9 -5772.95
181.0 -5773.05
181.1 -5773.15
181.2 -5773.25
181.3 -5773.35
181.4 -5773.44
181.5 -5773.54
181.6 -5773.63
181.7 -5773.73
181.8 -5773.83
181.9 -5773.92
182.0 -5774.02
182.1 -5774.12
182.2 -5774.21
182.3 -5774.31
182.4 -5774.40
182.5 -5774.49
182.6 -5774.59
182.7 -5774.68
182.8 -5774.78
182.9 -5774.87
183.0 -5774.97
183.1 -5775.06
183.2 -5775.15
183.3 -5775.25
183.4 -5775.34
183.5 -5775.43
183.6 -5775.52
183.7 -5775.61
183.8 -5775.71
183.9 -5775.80
184.0 -5775.89
184.1 -5775.98
184.2 -5776.07
184.3 -5776.17
184.4 -5776.26
184.5 -5776.34
184.6 -5776.43
184.7 -5776.52
184.8 -5776.62
184.9 -5776.71
185.0 -5776.80
185.1 -5776.89
185.2 -5776.97
185.3 -5777.06
185.4 -5777.15
185.5 -5777.24
185.6 -5777.33
185.7 -5777.41
185.8 -5777.50
185.9 -5777.59
186.0 -5777.68
186.1 -5777.77
186.2 -5777.85
186.3 -5777.94
186.4 -5778.03
186.5 -5778.12
186.6 -5778.20
186.7 -5778.28
186.8 -5778.37
186.9 -5778.46
187.0 -5778.54
187.1 -5778.63
187.2 -5778.71
187.3 -5778.80
187.4 -5778.88
187.5 -5778.97
187.6 -5779.05
187.7 -5779.13
187.8 -5779.22
187.9 -5779.30
188.0 -5779.39
188.1 -5779.47
188.2 -5779.55
188.3 -5779.64
188.4 -5779.72
188.5 -5779.80
188.6 -5779.89
188.7 -5779.96
188.8 -5780.05
188.9 -5780.13
189.0 -5780.21
189.1 -5780.29
189.2 -5780.38
189.3 -5780.46
189.4 -5780.54
189.5 -5780.62
189.6 -5780.70
189.7 -5780.78
189.8 -5780.86
189.9 -5780.94
190.0 -5781.02
190.1 -5781.10
190.2 -5781.18
190.3 -5781.26
190.4 -5781.34
190.5 -5781.42
190.6 -5781.50
190.7 -5781.57
190.8 -5781.65
190.9 -5781.73
191.0 -5781.81
191.1 -5781.88
191.2 -5781.96
191.3 -5782.04
191.4 -5782.12
191.5 -5782.20
191.6 -5782.27
191.7 -5782.35
191.8 -5782.43
191.9 -5782.50
192.0 -5782.58
192.1 -5782.65
192.2 -5782.73
192.3 -5782.80
192.4 -5782.88
192.5 -5782.96
192.6 -5783.03
192.7 -5783.11
192.8 -5783.18
192.9 -5783.25
193.0 -5783.33
193.1 -5783.40
193.2 -5783.48
193.3 -5783.55
193.4 -5783.63
193.5 -5783.70
193.6 -5783.77
193.7 -5783.85
193.8 -5783.92
193.9 -5784.00
194.0 -5784.06
194.1 -5784.14
194.2 -5784.21
194.3 -5784.28
194.4 -5784.36
194.5 -5784.43
194.6 -5784.50
194.7 -5784.57
194.8 -5784.64
194.9 -5784.72
195.0 -5784.78
195.1 -5784.85
195.2 -5784.93
195.3 -5785.00
195.4 -5785.07
195.5 -5785.14
195.6 -5785.21
195.7 -5785.28
195.8 -5785.35
195.9 -5785.42
196.0 -5785.49
196.1 -5785.56
196.2 -5785.63
196.3 -5785.70
196.4 -5785.76
196.5 -5785.83
196.6 -5785.90
196.7 -5785.97
196.8 -5786.04
196.9 -5786.11
197.0 -5786.18
197.1 -5786.24
197.2 -5786.31
197.3 -5786.38
197.4 -5786.44
197.5 -5786.51
197.6 -5786.58
197.7 -5786.65
197.8 -5786.71
197.9 -5786.78
198.0 -5786.85
198.1 -5786.91
198.2 -5786.98
198.3 -5787.04
198.4 -5787.11
198.5 -5787.18
198.6 -5787.24
198.7 -5787.31
198.8 -5787.37
198.9 -5787.44
199.0 -5787.50
199.1 -5787.57
199.2 -5787.63
199.3 -5787.70
199.4 -5787.76
199.5 -5787.82
199.6 -5787.89
199.7 -5787.95
199.8 -5788.02
199.9 -5788.08
200.0 -5788.15
200.1 -5788.21
200.2 -5788.27
200.3 -5788.33
200.4 -5788.40
200.5 -5788.46
200.6 -5788.52
200.7 -5788.58
200.8 -5788.65
200.9 -5788.71
201.0 -5788.77
201.1 -5788.83
201.2 -5788.90
201.3 -5788.95
201.4 -5789.02
201.5 -5789.08
201.6 -5789.14
201.7 -5789.20
201.8 -5789.26
201.9 -5789.32
202.0 -5789.38
202.1 -5789.45
202.2 -5789.51
202.3 -5789.57
202.4 -5789.62
202.5 -5789.68
202.6 -5789.74
202.7 -5789.80
202.8 -5789.86
202.9 -5789.92
203.0 -5789.98
203.1 -5790.04
203.2 -5790.10
203.3 -5790.16
203.4 -5790.22
203.5 -5790.28
203.6 -5790.33
203.7 -5790.39
203.8 -5790.45
203.9 -5790.51
204.0 -5790.57
204.1 -5790.63
204.2 -5790.68
204.3 -5790.74
204.4 -5790.80
204.5 -5790.85
204.6 -5790.91
204.7 -5790.97
204.8 -5791.03
204.9 -5791.08
205.0 -5791.14
205.1 -5791.20
205.2 -5791.25
205.3 -5791.31
205.4 -5791.37
205.5 -5791.42
205.6 -5791.48
205.7 -5791.53
205.8 -5791.59
205.9 -5791.64
206.0 -5791.70
206.1 -5791.75
206.2 -5791.81
206.3 -5791.86
206.4 -5791.92
206.5 -5791.97
206.6 -5792.03
206.7 -5792.08
206.8 -5792.14
206.9 -5792.19
207.0 -5792.25
207.1 -5792.30
207.2 -5792.35
207.3 -5792.41
207.4 -5792.46
207.5 -5792.51
207.6 -5792.57
207.7 -5792.62
207.8 -5792.67
207.9 -5792.73
208.0 -5792.78
208.1 -5792.83
208.2 -5792.88
208.3 -5792.94
208.4 -5792.99
208.5 -5793.04
208.6 -5793.09
208.7 -5793.14
208.8 -5793.20
208.9 -5793.25
209.0 -5793.30
209.1 -5793.35
209.2 -5793.40
209.3 -5793.46
209.4 -5793.51
209.5 -5793.56
209.6 -5793.61
209.7 -5793.66
209.8 -5793.71
209.9 -5793.76
210.0 -5793.81
210.1 -5793.86
210.2 -5793.91
210.3 -5793.96
210.4 -5794.01
210.5 -5794.06
210.6 -5794.11
210.7 -5794.16
210.8 -5794.21
210.9 -5794.26
211.0 -5794.31
211.1 -5794.36
211.2 -5794.41
211.3 -5794.46
211.4 -5794.51
211.5 -5794.56
211.6 -5794.60
211.7 -5794.65
211.8 -5794.70
211.9 -5794.75
212.0 -5794.80
212.1 -5794.84
212.2 -5794.89
212.3 -5794.94
212.4 -5794.99
212.5 -5795.04
212.6 -5795.08
212.7 -5795.13
212.8 -5795.18
212.9 -5795.22
213.0 -5795.27
213.1 -5795.32
213.2 -5795.37
213.3 -5795.41
213.4 -5795.46
213.5 -5795.51
213.6 -5795.55
213.7 -5795.60
213.8 -5795.65
213.9 -5795.69
214.0 -5795.74
214.1 -5795.78
214.2 -5795.83
214.3 -5795.88
214.4 -5795.92
214.5 -5795.97
214.6 -5796.01
214.7 -5796.06
214.8 -5796.10
214.9 -5796.15
215.0 -5796.19
215.1 -5796.24
215.2 -5796.28
215.3 -5796.33
215.4 -5796.37
215.5 -5796.42
215.6 -5796.46
215.7 -5796.51
215.8 -5796.55
215.9 -5796.59
216.0 -5796.64
216.1 -5796.68
216.2 -5796.72
216.3 -5796.77
216.4 -5796.81
216.5 -5796.86
216.6 -5796.90
216.7 -5796.94
216.8 -5796.99
216.9 -5797.03
217.0 -5797.07
217.1 -5797.11
217.2 -5797.16
217.3 -5797.20
217.4 -5797.24
217.5 -5797.29
217.6 -5797.33
217.7 -5797.37
217.8 -5797.41
217.9 -5797.46
218.0 -5797.50
218.1 -5797.54
218.2 -5797.58
218.3 -5797.62
218.4 -5797.66
218.5 -5797.71
218.6 -5797.75
218.7 -5797.79
218.8 -5797.83
218.9 -5797.87
219.0 -5797.91
219.1 -5797.95
219.2 -5797.99
219.3 -5798.03
219.4 -5798.07
219.5 -5798.12
219.6 -5798.16
219.7 -5798.20
219.8 -5798.24
219.9 -5798.28
220.0 -5798.32
220.1 -5798.36
220.2 -5798.40
220.3 -5798.44
220.4 -5798.48
220.5 -5798.52
220.6 -5798.56
220.7 -5798.60
220.8 -5798.64
220.9 -5798.67
221.0 -5798.71
221.1 -5798.75
221.2 -5798.79
221.3 -5798.83
221.4 -5798.87
221.5 -5798.91
221.6 -5798.95
221.7 -5798.99
221.8 -5799.02
221.9 -5799.06
222.0 -5799.10
222.1 -5799.14
222.2 -5799.18
222.3 -5799.21
222.4 -5799.25
222.5 -5799.29
222.6 -5799.33
222.7 -5799.37
222.8 -5799.40
222.9 -5799.44
223.0 -5799.48
223.1 -5799.52
223.2 -5799.56
223.3 -5799.59
223.4 -5799.63
223.5 -5799.67
223.6 -5799.70
223.7 -5799.74
223.8 -5799.78
223.9 -5799.81
224.0 -5799.85
224.1 -5799.89
224.2 -5799.92
224.3 -5799.96
224.4 -5799.99
224.5 -5800.03
224.6 -5800.07
224.7 -5800.10
224.8 -5800.14
224.9 -5800.18
225.0 -5800.21
225.1 -5800.25
225.2 -5800.28
225.3 -5800.32
225.4 -5800.35
225.5 -5800.39
225.6 -5800.42
225.7 -5800.46
225.8 -5800.49
225.9 -5800.53
226.0 -5800.56
226.1 -5800.60
226.2 -5800.63
226.3 -5800.67
226.4 -5800.70
226.5 -5800.74
226.6 -5800.77
226.7 -5800.81
226.8 -5800.84
226.9 -5800.88
227.0 -5800.91
227.1 -5800.94
227.2 -5800.98
227.3 -5801.01
227.4 -5801.05
227.5 -5801.08
227.6 -5801.11
227.7 -5801.15
227.8 -5801.18
227.9 -5801.21
228.0 -5801.25
228.1 -5801.28
228.2 -5801.31
228.3 -5801.35
228.4 -5801.38
228.5 -5801.41
228.6 -5801.45
228.7 -5801.48
228.8 -5801.51
228.9 -5801.54
229.0 -5801.58
229.1 -5801.61
229.2 -5801.64
229.3 -5801.68
229.4 -5801.71
229.5 -5801.74
229.6 -5801.77
229.7 -5801.80
229.8 -5801.84
229.9 -5801.87
230.0 -5801.90
230.1 -5801.93
230.2 -5801.96
230.3 -5802.00
230.4 -5802.03
230.5 -5802.06
230.6 -5802.09
230.7 -5802.12
230.8 -5802.15
230.9 -5802.18
231.0 -5802.22
231.1 -5802.25
231.2 -5802.28
231.3 -5802.31
231.4 -5802.34
231.5 -5802.37
231.6 -5802.40
231.7 -5802.43
231.8 -5802.46
231.9 -5802.49
232.0 -5802.52
232.1 -5802.55
232.2 -5802.58
232.3 -5802.61
232.4 -5802.64
232.5 -5802.68
232.6 -5802.71
232.7 -5802.74
232.8 -5802.76
232.9 -5802.79
233.0 -5802.82
233.1 -5802.85
233.2 -5802.88
233.3 -5802.91
233.4 -5802.94
233.5 -5802.97
233.6 -5803.00
233.7 -5803.03
233.8 -5803.06
233.9 -5803.09
234.0 -5803.12
234.1 -5803.15
234.2 -5803.18
234.3 -5803.21
234.4 -5803.23
234.5 -5803.26
234.6 -5803.29
234.7 -5803.32
234.8 -5803.35
234.9 -5803.38
235.0 -5803.41
235.1 -5803.43
235.2 -5803.46
235.3 -5803.49
235.4 -5803.52
235.5 -5803.55
235.6 -5803.58
235.7 -5803.60
235.8 -5803.63
235.9 -5803.66
236.0 -5803.69
236.1 -5803.71
236.2 -5803.74
236.3 -5803.77
236.4 -5803.80
236.5 -5803.83
236.6 -5803.85
236.7 -5803.88
236.8 -5803.91
236.9 -5803.93
237.0 -5803.96
237.1 -5803.99
237.2 -5804.02
237.3 -5804.04
237.4 -5804.07
237.5 -5804.10
237.6 -5804.12
237.7 -5804.15
237.8 -5804.18
237.9 -5804.20
238.0 -5804.23
238.1 -5804.26
238.2 -5804.28
238.3 -5804.31
238.4 -5804.34
238.5 -5804.36
238.6 -5804.39
238.7 -5804.41
238.8 -5804.44
238.9 -5804.47
239.0 -5804.49
239.1 -5804.52
239.2 -5804.54
239.3 -5804.57
239.4 -5804.60
239.5 -5804.62
239.6 -5804.65
239.7 -5804.67
239.8 -5804.70
239.9 -5804.72
240.0 -5804.75
240.1 -5804.77
240.2 -5804.80
240.3 -5804.82
240.4 -5804.85
240.5 -5804.87
240.6 -5804.90
240.7 -5804.92
240.8 -5804.95
240.9 -5804.98
241.0 -5805.00
241.1 -5805.02
241.2 -5805.05
241.3 -5805.07
241.4 -5805.10
241.5 -5805.12
241.6 -5805.15
241.7 -5805.17
241.8 -5805.20
241.9 -5805.22
242.0 -5805.24
242.1 -5805.27
242.2 -5805.29
242.3 -5805.32
242.4 -5805.34
242.5 -5805.36
242.6 -5805.39
242.7 -5805.41
242.8 -5805.44
242.9 -5805.46
243.0 -5805.48
243.1 -5805.51
243.2 -5805.53
243.3 -5805.55
243.4 -5805.58
243.5 -5805.60
243.6 -5805.62
243.7 -5805.65
243.8 -5805.67
243.9 -5805.69
244.0 -5805.72
244.1 -5805.74
244.2 -5805.76
244.3 -5805.79
244.4 -5805.81
244.5 -5805.83
244.6 -5805.86
244.7 -5805.88
244.8 -5805.90
244.9 -5805.92
245.0 -5805.95
245.1 -5805.97
245.2 -5805.99
245.3 -5806.01
245.4 -5806.04
245.5 -5806.06
245.6 -5806.08
245.7 -5806.10
245.8 -5806.13
245.9 -5806.15
246.0 -5806.17
246.1 -5806.19
246.2 -5806.21
246.3 -5806.24
246.4 -5806.26
246.5 -5806.28
246.6 -5806.30
246.7 -5806.32
246.8 -5806.34
246.9 -5806.37
247.0 -5806.39
247.1 -5806.41
247.2 -5806.43
247.3 -5806.45
247.4 -5806.47
247.5 -5806.49
247.6 -5806.52
247.7 -5806.54
247.8 -5806.56
247.9 -5806.58
248.0 -5806.60
248.1 -5806.62
248.2 -5806.64
248.3 -5806.66
248.4 -5806.69
248.5 -5806.71
248.6 -5806.73
248.7 -5806.75
248.8 -5806.77
248.9 -5806.79
249.0 -5806.81
249.1 -5806.83
249.2 -5806.85
249.3 -5806.87
249.4 -5806.89
249.5 -5806.91
249.6 -5806.93
249.7 -5806.95
249.8 -5806.97
249.9 -5806.99
250.0 -5807.01
250.1 -5807.03
250.2 -5807.05
250.3 -5807.07
250.4 -5807.09
250.5 -5807.11
250.6 -5807.13
250.7 -5807.15
250.8 -5807.17
250.9 -5807.19
251.0 -5807.21
251.1 -5807.23
251.2 -5807.25
251.3 -5807.27
251.4 -5807.29
251.5 -5807.31
251.6 -5807.33
251.7 -5807.35
251.8 -5807.37
251.9 -5807.39
252.0 -5807.41
252.1 -5807.43
252.2 -5807.45
252.3 -5807.47
252.4 -5807.48
252.5 -5807.50
252.6 -5807.52
252.7 -5807.54
252.8 -5807.56
252.9 -5807.58
253.0 -5807.60
253.1 -5807.62
253.2 -5807.64
253.3 -5807.65
253.4 -5807.67
253.5 -5807.69
253.6 -5807.71
253.7 -5807.73
253.8 -5807.75
253.9 -5807.77
254.0 -5807.78
254.1 -5807.80
254.2 -5807.82
254.3 -5807.84
254.4 -5807.86
254.5 -5807.88
254.6 -5807.89
254.7 -5807.91
254.8 -5807.93
254.9 -5807.95
255.0 -5807.97
255.1 -5807.98
255.2 -5808.00
255.3 -5808.02
255.4 -5808.04
255.5 -5808.06
255.6 -5808.07
255.7 -5808.09
255.8 -5808.11
255.9 -5808.13
256.0 -5808.14
256.1 -5808.16
256.2 -5808.18
256.3 -5808.20
256.4 -5808.21
256.5 -5808.23
256.6 -5808.25
256.7 -5808.27
256.8 -5808.28
256.9 -5808.30
257.0 -5808.32
257.1 -5808.33
257.2 -5808.35
257.3 -5808.37
257.4 -5808.39
257.5 -5808.40
257.6 -5808.42
257.7 -5808.44
257.8 -5808.45
257.9 -5808.47
258.0 -5808.49
258.1 -5808.50
258.2 -5808.52
258.3 -5808.54
258.4 -5808.55
258.5 -5808.57
258.6 -5808.59
258.7 -5808.60
258.8 -5808.62
258.9 -5808.64
259.0 -5808.65
259.1 -5808.67
259.2 -5808.68
259.3 -5808.70
259.4 -5808.72
259.5 -5808.73
259.6 -5808.75
259.7 -5808.77
259.8 -5808.78
259.9 -5808.80
260.0 -5808.81
260.1 -5808.83
260.2 -5808.85
260.3 -5808.86
260.4 -5808.88
260.5 -5808.89
260.6 -5808.91
260.7 -5808.93
260.8 -5808.94
260.9 -5808.96
261.0 -5808.97
261.1 -5808.99
261.2 -5809.00
261.3 -5809.02
261.4 -5809.03
261.5 -5809.05
261.6 -5809.07
261.7 -5809.08
261.8 -5809.10
261.9 -5809.11
262.0 -5809.13
262.1 -5809.14
262.2 -5809.16
262.3 -5809.17
262.4 -5809.19
262.5 -5809.20
262.6 -5809.22
262.7 -5809.23
262.8 -5809.25
262.9 -5809.26
263.0 -5809.28
263.1 -5809.29
263.2 -5809.31
263.3 -5809.32
263.4 -5809.34
263.5 -5809.35
263.6 -5809.37
263.7 -5809.38
263.8 -5809.40
263.9 -5809.41
264.0 -5809.43
264.1 -5809.44
264.2 -5809.46
264.3 -5809.47
264.4 -5809.48
264.5 -5809.50
264.6 -5809.51
264.7 -5809.53
264.8 -5809.54
264.9 -5809.56
265.0 -5809.57
265.1 -5809.59
265.2 -5809.60
265.3 -5809.61
265.4 -5809.63
265.5 -5809.64
265.6 -5809.66
265.7 -5809.67
265.8 -5809.68
265.9 -5809.70
266.0 -5809.71
266.1 -5809.73
266.2 -5809.74
266.3 -5809.75
266.4 -5809.77
266.5 -5809.78
266.6 -5809.80
266.7 -5809.81
266.8 -5809.82
266.9 -5809.84
267.0 -5809.85
267.1 -5809.86
267.2 -5809.88
267.3 -5809.89
267.4 -5809.90
267.5 -5809.92
267.6 -5809.93
267.7 -5809.94
267.8 -5809.96
267.9 -5809.97
268.0 -5809.99
268.1 -5810.00
268.2 -5810.01
268.3 -5810.03
268.4 -5810.04
268.5 -5810.05
268.6 -5810.06
268.7 -5810.08
268.8 -5810.09
268.9 -5810.10
269.0 -5810.12
269.1 -5810.13
269.2 -5810.14
269.3 -5810.16
269.4 -5810.17
269.5 -5810.18
269.6 -5810.19
269.7 -5810.21
269.8 -5810.22
269.9 -5810.23
270.0 -5810.25
270.1 -5810.26
270.2 -5810.27
270.3 -5810.28
270.4 -5810.30
270.5 -5810.31
270.6 -5810.32
270.7 -5810.33
270.8 -5810.35
270.9 -5810.36
271.0 -5810.37
271.1 -5810.38
271.2 -5810.40
271.3 -5810.41
271.4 -5810.42
271.5 -5810.43
271.6 -5810.45
271.7 -5810.46
271.8 -5810.47
271.9 -5810.48
272.0 -5810.49
272.1 -5810.51
272.2 -5810.52
272.3 -5810.53
272.4 -5810.54
272.5 -5810.56
272.6 -5810.57
272.7 -5810.58
272.8 -5810.59
272.9 -5810.60
273.0 -5810.61
273.1 -5810.63
273.2 -5810.64
273.3 -5810.65
273.4 -5810.66
273.5 -5810.67
273.6 -5810.69
273.7 -5810.70
273.8 -5810.71
273.9 -5810.72
274.0 -5810.73
274.1 -5810.74
274.2 -5810.76
274.3 -5810.77
274.4 -5810.78
274.5 -5810.79
274.6 -5810.80
274.7 -5810.81
274.8 -5810.82
274.9 -5810.84
275.0 -5810.85
275.1 -5810.86
275.2 -5810.87
275.3 -5810.88
275.4 -5810.89
275.5 -5810.90
275.6 -5810.92
275.7 -5810.93
275.8 -5810.94
275.9 -5810.95
276.0 -5810.96
276.1 -5810.97
276.2 -5810.98
276.3 -5810.99
276.4 -5811.00
276.5 -5811.01
276.6 -5811.03
276.7 -5811.04
276.8 -5811.05
276.9 -5811.06
277.0 -5811.07
277.1 -5811.08
277.2 -5811.09
277.3 -5811.10
277.4 -5811.11
277.5 -5811.12
277.6 -5811.13
277.7 -5811.14
277.8 -5811.15
277.9 -5811.17
278.0 -5811.18
278.1 -5811.19
278.2 -5811.20
278.3 -5811.21
278.4 -5811.22
278.5 -5811.23
278.6 -5811.24
278.7 -5811.25
278.8 -5811.26
278.9 -5811.27
279.0 -5811.28
279.1 -5811.29
279.2 -5811.30
279.3 -5811.31
279.4 -5811.32
279.5 -5811.33
279.6 -5811.34
279.7 -5811.35
279.8 -5811.36
279.9 -5811.37
280.0 -5811.38
280.1 -5811.39
280.2 -5811.40
280.3 -5811.41
280.4 -5811.42
280.5 -5811.43
280.6 -5811.44
280.7 -5811.45
280.8 -5811.46
280.9 -5811.47
281.0 -5811.48
281.1 -5811.49
281.2 -5811.50
281.3 -5811.51
281.4 -5811.52
281.5 -5811.53
281.6 -5811.54
281.7 -5811.55
281.8 -5811.56
281.9 -5811.57
282.0 -5811.58
282.1 -5811.59
282.2 -5811.60
282.3 -5811.61
282.4 -5811.62
282.5 -5811.63
282.6 -5811.64
282.7 -5811.65
282.8 -5811.66
282.9 -5811.67
283.0 -5811.68
283.1 -5811.69
283.2 -5811.70
283.3 -5811.71
283.4 -5811.71
283.5 -5811.72
283.6 -5811.73
283.7 -5811.74
283.8 -5811.75
283.9 -5811.76
284.0 -5811.77
284.1 -5811.78
284.2 -5811.79
284.3 -5811.80
284.4 -5811.81
284.5 -5811.82
284.6 -5811.83
284.7 -5811.83
284.8 -5811.84
284.9 -5811.85
285.0 -5811.86
285.1 -5811.87
285.2 -5811.88
285.3 -5811.89
285.4 -5811.90
285.5 -5811.91
285.6 -5811.92
285.7 -5811.92
285.8 -5811.93
285.9 -5811.94
286.0 -5811.95
286.1 -5811.96
286.2 -5811.97
286.3 -5811.98
286.4 -5811.99
286.5 -5811.99
286.6 -5812.00
286.7 -5812.01
286.8 -5812.02
286.9 -5812.03
287.0 -5812.04
287.1 -5812.05
287.2 -5812.06
287.3 -5812.06
287.4 -5812.07
287.5 -5812.08
287.6 -5812.09
287.7 -5812.10
287.8 -5812.11
287.9 -5812.12
288.0 -5812.12
288.1 -5812.13
288.2 -5812.14
288.3 -5812.15
288.4 -5812.16
288.5 -5812.17
288.6 -5812.17
288.7 -5812.18
288.8 -5812.19
288.9 -5812.20
289.0 -5812.21
289.1 -5812.22
289.2 -5812.22
289.3 -5812.23
289.4 -5812.24
289.5 -5812.25
289.6 -5812.26
289.7 -5812.26
289.8 -5812.27
289.9 -5812.28
290.0 -5812.29
290.1 -5812.30
290.2 -5812.30
290.3 -5812.31
290.4 -5812.32
290.5 -5812.33
290.6 -5812.34
290.7 -5812.34
290.8 -5812.35
290.9 -5812.36
291.0 -5812.37
291.1 -5812.38
291.2 -5812.38
291.3 -5812.39
291.4 -5812.40
291.5 -5812.41
291.6 -5812.41
291.7 -5812.42
291.8 -5812.43
291.9 -5812.44
292.0 -5812.45
292.1 -5812.45
292.2 -5812.46
292.3 -5812.47
292.4 -5812.48
292.5 -5812.48
292.6 -5812.49
292.7 -5812.50
292.8 -5812.51
292.9 -5812.51
293.0 -5812.52
293.1 -5812.53
293.2 -5812.54
293.3 -5812.54
293.4 -5812.55
293.5 -5812.56
293.6 -5812.57
293.7 -5812.57
293.8 -5812.58
293.9 -5812.59
294.0 -5812.60
294.1 -5812.60
294.2 -5812.61
294.3 -5812.62
294.4 -5812.63
294.5 -5812.63
294.6 -5812.64
294.7 -5812.65
294.8 -5812.65
294.9 -5812.66
295.0 -5812.67
295.1 -5812.68
295.2 -5812.68
295.3 -5812.69
295.4 -5812.70
295.5 -5812.70
295.6 -5812.71
295.7 -5812.72
295.8 -5812.73
295.9 -5812.73
296.0 -5812.74
296.1 -5812.75
296.2 -5812.75
296.3 -5812.76
296.4 -5812.77
296.5 -5812.77
296.6 -5812.78
296.7 -5812.79
296.8 -5812.79
296.9 -5812.80
297.0 -5812.81
297.1 -5812.82
297.2 -5812.82
297.3 -5812.83
297.4 -5812.84
297.5 -5812.84
297.6 -5812.85
297.7 -5812.86
297.8 -5812.86
297.9 -5812.87
298.0 -5812.88
298.1 -5812.88
298.2 -5812.89
298.3 -5812.90
298.4 -5812.90
298.5 -5812.91
298.6 -5812.92
298.7 -5812.92
298.8 -5812.93
298.9 -5812.94
299.0 -5812.94
299.1 -5812.95
299.2 -5812.96
299.3 -5812.96
299.4 -5812.97
299.5 -5812.98
299.6 -5812.98
299.7 -5812.99
299.8 -5812.99
299.9 -5813.00
300.0 -5813.01
