1 2.2197670104741723e-07 0.21890154975698906 467.8691588008223
2 3.844749243106542e-07 0.15839799160176965 397.992451689438
3 5.437296523524964e-07 0.12135736756370184 348.3638436515791
4 7.019519628001224e-07 0.09710933048533102 311.62370013420195
5 8.597120664027094e-07 0.08042256007423981 283.5887164085338
6 1.0172250350663727e-06 0.06842480386357196 261.5813522856168
7 1.1745902956439934e-06 0.05945203375959015 243.82787732248778
8 1.331860206284503e-06 0.052502198466801715 229.13358214544135
9 1.489064978889521e-06 0.04695198039281793 216.6840566188891
10 1.646223274478342e-06 0.04240217744763603 205.91789006212167
11 1.8033472442436128e-06 0.03859002990490895 196.44345218130573
12 1.960445141547135e-06 0.03533794387921662 187.9838926057672
13 2.1175227693034127e-06 0.032522706187010045 180.34052840947885
14 2.2745843268230165e-06 0.030056579105107818 173.36833362845655
15 2.431632928085021e-06 0.02787545642375366 166.95944544635282
16 2.588670931167893e-06 0.02593130720709506 161.03200677845092
17 2.7457001545339668e-06 0.024187271627697873 155.52257594220163
18 2.9027220230586927e-06 0.022614424154978986 150.3809301573141
19 3.059737669065755e-06 0.02118960067806642 145.5664819869822
20 3.2167480037543864e-06 0.019893914101356838 141.0457872513633
21 3.3737537686712726e-06 0.018711721613727333 136.79079506212153
22 3.5307555734427854e-06 0.017629892434024713 132.77760516753085
23 3.6877539238646147e-06 0.01663727836094416 128.9855742358197
24 3.844749243106542e-06 0.01572432330597959 125.39666385506271
25 4.001741887924019e-06 0.01488276961941061 121.99495735238654
26 4.1587321611966e-06 0.014105432979141333 118.76629563618347
27 4.315720321728935e-06 0.013386026709128057 115.69799786136343
28 4.472706591987132e-06 0.012719022380911413 112.77864328369718
29 4.629691164260752e-06 0.012099537532481318 109.99789785482865
30 4.7866742056119624e-06 0.01152324401461535 107.34637401708244
31 4.943655861881533e-06 0.010986292294807604 104.81551552517215
32 5.100636260954928e-06 0.010485248302392844 102.39750144604527
33 5.257615515443173e-06 0.010017040273487725 100.08516510196566
34 5.414593724897297e-06 0.00957891367396463 97.87192485061603
35 5.57157097764836e-06 0.009168392723999738 95.75172439178178
36 5.728547352344894e-06 0.008783247372763469 93.71898085640639
37 5.8855229192442865e-06 0.008421464812754806 91.7685393408591
38 6.042497741302828e-06 0.008081224804642656 89.89563284522033
39 6.199471875100141e-06 0.007760878222048568 88.09584679227828
40 6.3564453716266165e-06 0.00745892833309379 86.36508746648607
41 6.513418276956971e-06 0.007174014419868993 84.69955383512355
42 6.670390632828687e-06 0.006904897404027949 83.0957123083252
43 6.8273624771406526e-06 0.006650447200595007 81.55027406817838
44 6.984333844384552e-06 0.006409631565824007 80.06017465521798
45 7.141304766019353e-06 0.006181506240774037 78.62255554720946
46 7.29827527079747e-06 0.005965206221840123 77.23474750292205
47 7.455245385049705e-06 0.005759938014053082 75.89425547466081
48 7.612215132934949e-06 0.005564972743511016 74.59874491914067
49 7.769184536659602e-06 0.005379640022576628 73.34602935794567
50 7.926153616670914e-06 0.005203322476060859 72.13405905715315
