0 1.0
100000 0.6393708332562749
200000 0.4087950624188232
300000 0.26137163968977384
400000 0.16711340305800954
500000 0.10684743576149126
600000 0.06831513403412097
700000 0.04367870417141003
800000 0.02792688948162875
900000 0.017855638598124866
1000000 0.011416374528806
1100000 0.007299296895248406
1200000 0.004666957538099914
1300000 0.0029839165299065953
1400000 0.0019078291980935522
1500000 0.0012198103440957241
1600000 0.0007799111561191066
1700000 0.0004986524457537379
1800000 0.00031882382974684657
1900000 0.000203846657687198
2000000 0.00013033360738197043
2100000 8.333150715310663e-05
2200000 5.327973516498302e-05
2300000 3.406550866810884e-05
2400000 2.1780492662427606e-05
2500000 1.3925811742308521e-05
2600000 8.903757857449816e-06
2700000 5.692803080429795e-06
2800000 3.6398122490982865e-06
2900000 2.327189790602363e-06
