0 1.0
100000 0.9032801739746651
200000 0.8159150726957013
300000 0.7369999088131246
400000 0.6657174058520315
500000 0.6013293341759858
600000 0.5431688655905539
700000 0.49063366740825703
800000 0.4431796644543584
900000 0.40031540441036656
1000000 0.3615969681405343
1100000 0.3266233722906933
1200000 0.29503241654692924
1300000 0.26649693254667606
1400000 0.2407213955944762
1500000 0.2174388640920026
1600000 0.1964082149858777
1700000 0.17741164660249703
1800000 0.1602524230082353
1900000 0.14475283653474044
2000000 0.13075236736842658
2100000 0.11810602114415168
2200000 0.10668282732654484
2300000 0.09636448282763058
2400000 0.08704412681352076
2500000 0.07862523401158984
2600000 0.07102061505678763
2700000 0.06415151352428286
2800000 0.0579467902969523
2900000 0.05234218682070451
