0 1.0
100000 0.6099577501954624
200000 0.3720484570235101
300000 0.22693383980975337
400000 0.13842005437357463
500000 0.08443038494763914
600000 0.05149896765079881
700000 0.03141219444567014
800000 0.019160111452783356
900000 0.011686858475234048
1000000 0.0071284899024065315
1100000 0.004348077663162959
1200000 0.0026521436690980222
1300000 0.0016176955855981684
1400000 0.0009867259598925898
1500000 0.0006018611465555421
1600000 0.0003671098708830799
1700000 0.0002239215109183899
1800000 0.0001365826610201499
1900000 8.330965263156003e-05
2000000 5.0815368288711885e-05
2100000 3.099522771673652e-05
2200000 1.890577936489666e-05
2300000 1.1531726647104154e-05
2400000 7.033866041536719e-06
2500000 4.290361105871996e-06
2600000 2.6169390076638007e-06
2700000 1.5962222295133563e-06
2800000 9.736281199259526e-07
2900000 5.938720175570714e-07
