0 1.0
100000 0.6004573728386867
200000 0.3605490565963377
300000 0.21649433930330395
400000 0.12999562221250913
500000 0.07805682979425368
600000 0.04686979895037409
700000 0.028143316343219076
800000 0.016898861794417394
900000 0.010147046157039928
1000000 0.00609286867752909
1100000 0.003658507919160242
1200000 0.0021967780536484884
1300000 0.0013190715788034555
1400000 0.0007920462547945018
1500000 0.00047559001332062744
1600000 0.00028557152994681986
1700000 0.00017147353062939186
1800000 0.00010296254571309875
1900000 6.18246196996705e-05
2000000 3.712304872161507e-05
2100000 2.2290808307143564e-05
2200000 1.3384680194558204e-05
2300000 8.03692990591041e-06
2400000 4.82583381699164e-06
2500000 2.8977074955068933e-06
2600000 1.7399498300070405e-06
2700000 1.0447657037971475e-06
2800000 6.273372697339969e-07
2900000 3.766892888682699e-07
