0 1.0
100000 0.5052326575834796
200000 0.2552600382888655
300000 0.12896570751954428
400000 0.06515768714723308
500000 0.0329197914393895
600000 0.016632153716016642
700000 0.008403107223280032
800000 0.004245524194376703
900000 0.002144977471559902
1000000 0.0010837126684129024
1100000 0.0005475270315191348
1200000 0.0002766285372332062
1300000 0.00013976177102976314
1400000 7.061221100594104e-05
1500000 3.567559502437697e-05
1600000 1.8024475685037952e-05
1700000 9.106553751900539e-06
1800000 4.600928353499511e-06
1900000 2.324539259389742e-06
2000000 1.1744331476786136e-06
2100000 5.933619803557963e-07
2200000 2.997858502441556e-07
2300000 1.5146160182477784e-07
2400000 7.652334761178335e-08
2500000 3.86620942810856e-08
2600000 1.953335264137594e-08
2700000 9.868887666517652e-09
2800000 4.986084343147541e-09
2900000 2.5191326436238116e-09
