0 1.0
100000 0.7025241105157846
200000 0.49354012585599427
300000 0.3467238379208307
400000 0.24358185582995065
500000 0.17112212660472015
600000 0.12021741978255049
700000 0.08445563590123895
800000 0.059332120489562865
900000 0.04168224517194549
1000000 0.02928278221372187
1100000 0.02057186052812239
1200000 0.014452228019173962
1300000 0.010153038634141484
1400000 0.00713275443548264
1500000 0.005010931965314962
1600000 0.0035203005217880052
1700000 0.0024730959928173702
1800000 0.0017374095625741735
1900000 0.0012205721075490405
2000000 0.000857481334176266
2100000 0.0006024013115760693
2200000 0.00042320144558851997
2300000 0.00029730921913106913
2400000 0.00020886689471819695
2500000 0.00014673402942809517
2600000 0.00010308419350636957
2700000 7.241913135129934e-05
2800000 5.087618583689728e-05
2900000 3.574174720150204e-05
