0 1.0
100000 0.5379728485301174
200000 0.2894147857556087
300000 0.1556972966996785
400000 0.08376091821396488
500000 0.04506109976706489
600000 0.024241648199587712
700000 0.013041348534997197
800000 0.007015891420046514
900000 0.003774359092220436
1000000 0.0020305027122173754
1100000 0.0010923553280397103
1200000 0.0005876575074325743
1300000 0.0003161437832336108
1400000 0.00017007677161127354
1500000 9.149668529252301e-05
1600000 4.922273241788229e-05
1700000 2.648049357128388e-05
1800000 1.4245786557027072e-05
1900000 7.663846373635906e-06
2000000 4.122941264322118e-06
2100000 2.218030456289733e-06
2200000 1.1932401626967433e-06
2300000 6.419308093065087e-07
2400000 3.4534134604186604e-07
2500000 1.8578426764536762e-07
2600000 9.99468916772603e-08
2700000 5.376871401734679e-08
2800000 2.8926108241713297e-08
2900000 1.5561460847685004e-08
