0 1.0
100000 0.5213457510413186
200000 0.27180139212883664
300000 0.14170250091348432
400000 0.07387599676317362
500000 0.03851493701642279
600000 0.020079598765136028
700000 0.010468413498818175
800000 0.00545766289775244
900000 0.002845329362359088
1000000 0.001483400373379015
1100000 0.000773364481754255
1200000 0.00040319028656885225
1300000 0.00021020154276380276
1400000 0.0001095876811822386
1500000 5.713307195083077e-05
1600000 2.9786084305503563e-05
1700000 1.5528848492832816e-05
1800000 8.095899180302773e-06
1900000 4.220762638509745e-06
2000000 2.2004766677410006e-06
2100000 1.1472091609923302e-06
2200000 5.980926216390274e-07
2300000 3.1181304702066996e-07
2400000 1.625624071834732e-07
2500000 8.475122026415263e-08
2600000 4.41846885802828e-08
2700000 2.303549965241435e-08
2800000 1.2009459866899974e-08
2900000 6.261080873909552e-09
