0 1.0
100000 0.809165121608431
200000 0.654748194027587
300000 0.5297994020432331
400000 0.4286951975823868
500000 0.3468852016847024
600000 0.2806874064053673
700000 0.22712245933795416
800000 0.18377957243020163
900000 0.14870802007462958
1000000 0.12032934314783665
1100000 0.09736630758128186
1200000 0.07878542011457185
1300000 0.06375041404797885
1400000 0.05158461153572065
1500000 0.04174046846642507
1600000 0.033774931242627725
1700000 0.027329496346257257
1800000 0.02211407523451643
1900000 0.017893938376395486
2000000 0.01447915082238982
2100000 0.011716023835985872
2200000 0.009480197852012782
2300000 0.007671045447795916
2400000 0.006207142422629582
2500000 0.005022603153247917
2600000 0.004064115291288739
2700000 0.0032885403439063387
2800000 0.0026609721472912037
2900000 0.002153165851159534
