0 1.0
100000 0.6597639126109894
200000 0.43528842038376125
300000 0.2871875913466475
400000 0.1894760089201901
500000 0.12500943299109935
600000 0.082476712623489
700000 0.0544151586197653
800000 0.035901157956323954
900000 0.023686288440529446
1000000 0.015627358336756155
1100000 0.01031036708003221
1200000 0.006802408125177592
1300000 0.004487983399843951
1400000 0.002961009487614218
1500000 0.001953567204826617
1600000 0.0012888931426049226
1700000 0.0008503651827024982
1800000 0.0005610402600879588
1900000 0.0003701541171279188
2000000 0.0002442143285853821
2100000 0.00016112380094315741
2200000 0.00010630366932501193
2300000 7.013532479877467e-05
2400000 4.6272756301482114e-05
2500000 3.052909474476065e-05
2600000 2.0141994997274876e-05
2700000 1.3288961427193043e-05
2800000 8.767577185741412e-06
2900000 5.7845310281836e-06
