0 1.0
100000 0.5728352658445613
200000 0.3281402417952093
300000 0.18797030264305736
400000 0.10767601828541841
500000 0.061680620559611515
600000 0.03533283467572258
700000 0.020239893744509484
800000 0.01159412491380176
900000 0.0066415236272326875
1000000 0.0038044989526187707
1100000 0.002179351168928728
1200000 0.0012484092062219443
1300000 0.000715132819528945
1400000 0.00040965329878903415
1500000 0.00023466385631591783
1600000 0.0001344237325168387
1700000 7.700265455210148e-05
1800000 4.410983609109003e-05
1900000 2.5267669683599577e-05
2000000 1.4474212280477322e-05
2100000 8.29133923957784e-06
2200000 4.7495715175110134e-06
2300000 2.7207220628811818e-06
2400000 1.5585255461797047e-06
2500000 8.927783955713911e-07
2600000 5.114149495674186e-07
2700000 2.929565185923351e-07
2800000 1.678158252087377e-07
2900000 9.613082284637166e-08
