0 1.0
100000 0.6294120707022156
200000 0.39615955474565084
300000 0.24934760568092781
400000 0.1569423928162723
500000 0.09878143644345047
600000 0.062174228458811466
700000 0.03913320987857315
800000 0.024630914662897123
900000 0.015502995001263642
1000000 0.009757772185831445
1100000 0.0061416595969246545
1200000 0.0038656346844484816
1300000 0.0024330771313170246
1400000 0.0015314081154004548
1500000 0.0009638867530043778
1600000 0.0006066819571309204
1700000 0.0003818529468954454
1800000 0.00024034285400920547
1900000 0.0001512746934204143
2000000 9.52141180305858e-05
2100000 5.9928915189716165e-05
2200000 3.771998260449671e-05
2300000 2.3741412357947825e-05
2400000 1.4943131513611112e-05
2500000 9.405387348757502e-06
2600000 5.919864326937881e-06
2700000 3.7260340642941494e-06
2800000 2.345210815914373e-06
2900000 1.476103995877898e-06
