0 1.0
100000 0.5551303699973742
200000 0.3081697276934216
300000 0.17107437495643915
400000 0.09496858106663761
500000 0.052719943545648136
600000 0.02926644176673633
700000 0.01624669064647495
800000 0.00901903138981052
900000 0.0050067382324434405
1000000 0.0027793924474563267
1100000 0.001542925157724338
1200000 0.0008565246136857688
1300000 0.0004754828257072388
1400000 0.0002639549569622567
1500000 0.00014652941292109842
1600000 8.134292721038746e-05
1700000 4.515592927897183e-05
1800000 2.506742772821087e-05
1900000 1.3915690429644151e-05
2000000 7.72502237697727e-06
2100000 4.288394530369391e-06
2200000 2.3806180423386736e-06
2300000 1.3215533746658937e-06
2400000 7.336344138495554e-07
2500000 4.072627436031108e-07
2600000 2.2608391754254042e-07
2700000 1.2550604879584643e-07
2800000 6.967221930494678e-08
2900000 3.8677164881293275e-08
