0 1.0
100000 0.6494872768733527
200000 0.4218337228203632
300000 0.2739756359279463
400000 0.177943689708487
500000 0.11557216246556207
600000 0.0750626490821226
700000 0.04875223554724789
800000 0.031663956707070305
900000 0.020565337016710823
1000000 0.013356924736966274
1100000 0.008675152674814546
1200000 0.005634401287225881
1300000 0.0036594719488520534
1400000 0.0023767804708543405
1500000 0.0015436886757409505
1600000 0.0010026061543472226
1700000 0.0006511799409634418
1800000 0.00042293308661089636
1900000 0.00027468965872255285
2000000 0.00017840743842898157
2100000 0.00011587336135918966
2200000 7.525827393134198e-05
2300000 4.887929139785617e-05
2400000 3.1746477865492664e-05
2500000 2.061893345917901e-05
2600000 1.3391734944435045e-05
2700000 8.697761461670827e-06
2800000 5.6490854066345815e-06
2900000 3.6690090975800933e-06
