0 1.0
100000 0.7965555314861821
200000 0.634500714741234
300000 0.5054150540590661
400000 0.4025911570071369
500000 0.3206862130414569
600000 0.2554443768695287
700000 0.20347563138246408
800000 0.16207963970034514
900000 0.12910543354459733
1000000 0.10283964723487067
1100000 0.0819174898610239
1200000 0.06525182967426181
1300000 0.051976705866627455
1400000 0.0414023325664924
1500000 0.03297925702227001
1600000 0.026269809605393695
1700000 0.02092536215226519
1800000 0.016668212970738443
1900000 0.01327715724183143
2000000 0.010575993043392644
2100000 0.008424365759673797
2200000 0.006710475145130954
2300000 0.0053452660957546
2400000 0.004257801275838874
2500000 0.0033915751582383807
2600000 0.002701577952745905
2700000 0.0021519568620008652
2800000 0.001714153141946437
2900000 0.0013654181670318527
