0 1.0
100000 0.4670955150116809
200000 0.21817822014402743
300000 0.10191006810250637
400000 0.047601735745215694
500000 0.022234557273361457
600000 0.010385661980657487
700000 0.004851096131592444
800000 0.0022659252459573454
900000 0.0010584035197384154
1000000 0.0004943755371423909
1100000 0.0002309205961307017
1200000 0.0001078619747764744
1300000 5.03818446583942e-05
1400000 2.353313367795117e-05
1500000 1.0992221195141326e-05
1600000 5.1344172202668574e-06
1700000 2.398263255785389e-06
1800000 1.120218010594666e-06
1900000 5.232488085840767e-07
2000000 2.4440717172482754e-07
2100000 1.1416149374935677e-07
2200000 5.332432171735865e-08
2300000 2.490755151521818e-08
2400000 1.16342056026808e-08
2500000 5.434285257735968e-09
2600000 2.5383302711825647e-09
2700000 1.185642685287763e-09
2800000 5.538083807043196e-10
2900000 2.58681410802869e-10
