0 1.0
100000 0.6915807273037106
200000 0.47828390237792934
300000 0.33077192906418523
400000 0.22875549127386063
500000 0.15820288902989413
600000 0.1094100690568424
700000 0.07566589513268028
800000 0.05232907478794532
900000 0.036189779600977495
1000000 0.025028154097404994
1100000 0.01730898901375269
1200000 0.011970563211023024
1300000 0.008278610811714344
1400000 0.005725327686229768
1500000 0.003959526285294854
1600000 0.0027383320681623746
1700000 0.0018937776832988094
1800000 0.0013097001475673266
1900000 0.0009057633806043881
2000000 0.0006264084975234505
2100000 0.00043321204430649243
2200000 0.00029960110067821135
2300000 0.00020719834710802984
2400000 0.00014329438358909782
2500000 9.909963402108508e-05
2600000 6.853539697183363e-05
2700000 4.739775968382919e-05
2800000 3.2779377114709115e-05
2900000 2.2669585465553116e-05
