0 1.0
100000 0.4598207894014385
200000 0.21143515836576207
300000 0.09722228142696286
400000 0.044704826193154884
500000 0.020556208470190584
600000 0.009452172005863568
700000 0.004346305193294365
800000 0.0019985214849601867
900000 0.0009189617268501283
1000000 0.00042255770666993513
1100000 0.0001943008182486309
1200000 8.934355562843091e-05
1300000 4.108202427699644e-05
1400000 1.8890368833257566e-05
1500000 8.686184308992826e-06
1600000 3.9940881258474705e-06
1700000 1.8365647549660959e-06
1800000 8.444906554153698e-07
1900000 3.883143598152336e-07
2000000 1.7855501546615495e-07
2100000 8.210330816323329e-08
2200000 3.775280797208751e-08
2300000 1.73595259638462e-08
2400000 7.982270932330528e-09
2500000 3.6704141213203805e-09
2600000 1.6877327186957248e-09
2700000 7.760545910093042e-10
2800000 3.568460346565088e-10
2900000 1.6408522535052898e-10
