0 1.0
100000 0.52959403525295
200000 0.2804698421755029
300000 0.14853515548448262
400000 0.0786633323699515
500000 0.041659631616246626
600000 0.022062692414799433
700000 0.011684270304498286
800000 0.00618791985954546
900000 0.00327708544823855
1000000 0.0017355249064013756
1100000 0.0009191236384631027
1200000 0.0004867623965900484
1300000 0.0002577864618195207
1400000 0.00013652217254858046
1500000 7.230132826150222e-05
1600000 3.829035218815711e-05
1700000 2.0278342126582742e-05
1800000 1.0739289035056858e-05
1900000 5.68746341582352e-06
2000000 3.012046700739504e-06
2100000 1.5951619666149682e-06
2200000 8.447882627816523e-07
2300000 4.4739482502086546e-07
2400000 2.3693763073408757e-07
2500000 1.2548075596373878e-07
2600000 6.64538598974272e-08
2700000 3.519356782121265e-08
2800000 1.8638303597384374e-08
2900000 9.870734412408364e-09
