0 1.0
100000 0.48961766076926955
200000 0.2397254537371715
300000 0.11737381588564563
400000 0.05746829316949275
500000 0.02813749127004962
600000 0.013776612655557439
700000 0.006745272861738346
800000 0.003302604719814767
900000 0.0016170135973612545
1000000 0.0007917184149721186
1100000 0.0003876393183266027
1200000 0.0001897950562612654
1300000 9.292701147221264e-05
1400000 4.549870597930381e-05
1500000 2.2276969989615537e-05
1600000 1.0907197935342774e-05
1700000 5.340356738649934e-06
1800000 2.614732974051185e-06
1900000 1.280219442291216e-06
2000000 6.268180486059638e-07
2100000 3.069011866864107e-07
2200000 1.5026424111271325e-07
2300000 7.3572026230876e-08
2400000 3.60221633812169e-08
2500000 1.7637087370559883e-08
2600000 8.635429461156739e-09
2700000 4.2280587725096015e-09
2800000 2.070132245791136e-09
2900000 1.013573307667292e-09
