0 1.0
100000 0.48199211350908283
200000 0.23231639748495259
300000 0.11197467142658844
400000 0.05397090854038648
500000 0.026013552275386282
600000 0.012538327041092442
700000 0.006043374750404229
800000 0.0029128589686747623
900000 0.0014039750506654356
1000000 0.0006767049019842548
1100000 0.00032616642592934764
1200000 0.00015720964498938995
1300000 7.577380905244863e-05
1400000 3.652237837382338e-05
1500000 1.7603498342777577e-05
1600000 8.484747371389e-06
1700000 4.089581318126418e-06
1800000 1.9711459428910127e-06
1900000 9.500767990488928e-07
2000000 4.5792952436951986e-07
2100000 2.2071841928907388e-07
2200000 1.0638453740352461e-07
2300000 5.127650802781098e-08
2400000 2.4714872477690016e-08
2500000 1.1912373620629292e-08
2600000 5.741670138316946e-09
2700000 2.767439725039377e-09
2800000 1.3338841220807216e-09
2900000 6.429216271778955e-10
