0 1.0
100000 0.7841434583289955
200000 0.6148809632401571
300000 0.4821548849758007
400000 0.3780785989551434
500000 0.2964678601048674
600000 0.2324733331060276
700000 0.18229244339102904
800000 0.14294342698788415
900000 0.11208815318367774
1000000 0.08789319207515923
1100000 0.06892087159739003
1200000 0.054043850605426075
1300000 0.04237813191515437
1400000 0.03323053491747153
1500000 0.026057506572308556
1600000 0.020432823319040564
1700000 0.016022264740817808
1800000 0.012563754084127604
1900000 0.009851785577122863
2000000 0.007725213213160835
2100000 0.006057675405296789
2200000 0.004750086541743925
2300000 0.0037247492882051003
2400000 0.0029207377882616123
2500000 0.0022902774301596404
2600000 0.0017959060646182252
2700000 0.0014082479923437517
2800000 0.0011042684509012944
2900000 0.0008659048820133429
