0 1.0
100000 0.7480599162285133
200000 0.5595936382678104
300000 0.41860957016462724
400000 0.3131450399898051
500000 0.23425125238214806
600000 0.17523397223341397
700000 0.1310855105893173
800000 0.09805981607021662
900000 0.07335461779486967
1000000 0.05487364924260482
1100000 0.04104877745557579
1200000 0.030706945024700897
1300000 0.022970634722811318
1400000 0.017183411086462024
1500000 0.012854221057858883
1600000 0.009615727527724712
1700000 0.007193140328865955
1800000 0.00538089995183141
1900000 0.004025235567201014
2000000 0.0030111173812004247
2100000 0.002252496215935009
2200000 0.001685002130597387
2300000 0.0012604825526595473
2400000 0.0009429164727500032
2500000 0.000705358017615853
2600000 0.000527650059568825
2700000 0.0003947138593590255
2800000 0.00029526961656634596
2900000 0.0002208793646334459
