0 1.0
100000 0.947078813150478
200000 0.8969582783185182
300000 0.8494901816753984
400000 0.8045341530441203
500000 0.7619572508040505
600000 0.7216335687629014
700000 0.6834438638335125
800000 0.64727520341442
900000 0.6130206314314632
1000000 0.5805788520528667
1100000 0.5498539301424961
1200000 0.5207550075654811
1300000 0.49319603450728405
1400000 0.46709551501168084
1500000 0.442376265985174
1600000 0.4189651889551788
1700000 0.3967930539070365
1800000 0.37579429456062985
1900000 0.3559068144812025
2000000 0.33707180345102455
2100000 0.3192335635588876
2200000 0.302339344493149
2300000 0.2863391875512651
2400000 0.2711857779045243
2500000 0.25683430468110596
2600000 0.24324232845371013
2700000 0.23036965573989857
2800000 0.21817822014402738
2900000 0.20663196978928913
