0 1.0
100000 0.45265937782535304
200000 0.20490051233323572
300000 0.09275013842885856
400000 0.04198421995442248
500000 0.019004550883051655
600000 0.008602588178572425
700000 0.0038940422126003313
800000 0.0017626747251813272
900000 0.0007978912444090547
1000000 0.0003611729542664994
1100000 0.00016348832476561847
1200000 7.400452337011404e-05
1300000 3.3498841504977656e-05
1400000 1.5163564753513285e-05
1500000 6.863929786939782e-06
1600000 3.107022186793067e-06
1700000 1.4064227299633189e-06
1800000 6.366304379046299e-07
1900000 2.881767379265921e-07
2000000 1.3044590289359087e-07
2100000 5.904756124367922e-08
2200000 2.6728432334668334e-08
2300000 1.2098875550858007e-08
2400000 5.4766694792377556e-09
2500000 2.4790657990268606e-09
2600000 1.1221723821756136e-09
2700000 5.079618523284071e-10
2800000 2.299336960339904e-10
2900000 1.0408164378782985e-10
